1.564855899342346701e+00
1.191346301320378887e+00
-8.946230052341838102e-01
4.776675567140803436e-01
-1.884465101593655323e-01
-3.340242767525210543e-01
2.274126312672613281e-01
1.505957646891480373e-01
-4.039109834873116367e-01
6.835575469447578989e-01
-7.754309779468578079e-02
-1.430591602604864621e+00
2.005149718462613528e-03
-8.219031027602816675e-01
-6.723546907523406668e-01
-1.888545905587519336e+00
5.892115100408622519e-01
7.084558291351030768e-01
4.203505543013683066e-01
1.589226105472101080e+00
9.939463008119295839e-01
-1.295182132940243536e+00
8.603731710260241750e-01
-4.799429539673449874e-01
7.822105793449769806e-02
-1.198377308610993452e+00
1.529677941096023508e+00
-9.499923913778498541e-01
2.050488765031024396e+00
1.218500043587886772e-01
1.771928078014253005e+00
-1.197245858421945641e+00
7.841179057517528861e-01
2.235311109547603259e+00
-1.596007738715909063e+00
-2.564751580999814415e-02
-1.408814723047327799e+00
5.540427710475548384e-01
1.071572084098858069e+00
2.264374114536194527e-01
7.242972842679311629e-01
-1.130858626786177962e-01
1.745234085446416006e-01
-3.445584595651455251e-01
6.333984976291329172e-01
-9.663186928094451567e-01
4.665277104259993313e-01
-1.347091698853059905e+00
