-5.257706471472641807e-01
8.828782168442899092e-01
-8.456168635558055646e-01
-2.772996328657773901e+00
-9.735486549673227907e-01
1.240098475213990081e+00
7.627401596571217191e-01
-1.058197808063271045e-01
-1.647919436606445132e+00
1.123563292082924853e-01
-3.901259497198137915e-01
-4.671950218047725700e-01
-3.825972524648308393e-01
1.284708633879786177e+00
-1.190807859783600042e+00
1.304563109533848353e+00
-7.602900107921998218e-01
1.272506820769895741e+00
-4.056028229520348694e-01
1.799473941149103418e-01
3.274190837443884394e-01
-1.534738679870989442e+00
-8.684277437962496515e-01
-4.119952038425396257e-01
3.532946983603319491e-01
-2.628935210905976594e-01
-5.491567687846823365e-01
-1.364839112858792003e+00
-5.629084302632511028e-01
3.359863683881103569e-01
-2.605405391021707873e-01
1.332798536238607445e+00
-1.287903693847756437e-01
-7.820059149743189275e-01
-1.997311886393531966e+00
5.157713407246975468e-01
6.658844284420307735e-01
2.451890289687482516e-01
-1.281842980864796644e+00
3.828278296832769018e-02
-7.764299800434938392e-01
-3.956863973281388169e-01
-3.515645266777010503e-01
1.936312134256283457e+00
-9.653588742660149657e-01
-8.261852981594871581e-01
-8.082232844019566764e-01
-1.315513485537925575e+00
