-2.118868625720364829e+00
-1.381808831491752265e+00
-1.988813560479283371e+00
-5.153145234957527965e-01
1.584919829604777064e+00
2.372022054675117892e-04
3.998541437692070821e-01
8.925753548448105146e-02
1.987017682753392522e+00
-7.264324926248182379e-01
-2.817097228250320939e-01
2.029074066201976390e+00
-1.334261118451243178e+00
-7.391033886402192943e-01
-4.013794833626189718e-01
8.105082507237980349e-03
8.844435094644762518e-01
6.307647182668493224e-01
9.474767085094601970e-01
5.005497077284509766e-01
-2.141759362661083688e-01
-1.440532627847668001e+00
6.248901656034090424e-01
-4.614188584969736162e-02
-6.196109662760291847e-01
-2.980892215233847398e-01
