2.213414712785355953e-01 4.578960852990127117e-01 3.794148065689279203e+00 -8.955301311839590772e-01 1.484791870032537764e+00 -7.017167171164387929e-01 -1.314768092150403023e+00 7.516859031673684965e-01 -2.033473924874864558e+00 -3.369128355624069648e+00 1.625035202276084112e+00 1.420242342274976144e+00 -3.661335788369866062e-01 1.616028195625514252e+00 4.792164323729331543e-01 -1.720373092648389113e+00 -2.562809759712851854e-01 1.004625690415938744e+00 -1.413802819140926648e+00 -5.714143555003897701e-01 5.944296618523533526e-01 -3.631497360697245880e-02 -1.924737591897429878e+00 -1.299433347369883585e+00 -7.676970496401084310e-01 -1.909648356028058158e+00
-2.161056219767671926e+00 9.853471329491573227e-01 -2.797531300005011712e-01 -9.809582445543885143e-01 2.080943393945832387e+00 6.665500341984369470e-01 -1.096823212896243849e+00 6.965608659737614339e-01 -9.966577502498411567e-01 -3.079767210021983281e+00 1.820516662487885240e+00 9.317026582150733649e-01 -3.282034385017925437e+00 -4.462174542607455496e-01 1.041817102920541860e+00 -9.750216183370522538e-01 -1.035391539383523796e+00 8.927149873441899697e-01 1.790546593197271497e+00 -1.316470282594904562e-01 -2.200367845663755637e-02 -1.862583677081841138e+00 -1.178207111100514126e+00 -1.211066681423975888e+00 2.012706184125834519e-01 -8.724916528992875397e-01
-1.512620795701352661e+00 1.513250776307398793e-01 -6.693021419077226364e-01 6.703067463840163276e-01 3.694939222658648603e+00 1.042457790922092009e+00 1.368272537680988332e+00 8.803298917056440187e-01 -5.938596046466697587e-01 1.244117847787911790e+00 2.077843963557131357e-01 1.193246917078211400e+00 5.403092073845003895e-01 -6.211422648958058179e-01 -1.150245770985131033e-01 -1.923474626185086578e+00 1.838441915254482639e+00 -7.425261137580706494e-01 -8.074596589540494751e-01 6.626370414285550625e-01 -5.782886823736016479e-01 1.004417364997239048e-01 -6.357967224483496160e-01 2.416664740943285927e-01 -1.343048089597321360e+00 -1.272216141701894843e-01
-1.630146089655910568e+00 -6.836160150861915197e-01 -1.509575894476864910e+00 1.708185439442755582e+00 -5.654965510297709219e-01 1.067862055003916399e+00 6.071852711395161473e-01 1.658809788687794606e+00 4.578630617337528519e-01 2.576689132520811665e+00 9.292420704738039161e-01 -1.944866731237683499e+00 -8.511300218773133752e-02 -4.395853333388592410e-01 -4.888745847507564579e-01 -1.567763017612162857e+00 -1.131190017741350307e+00 5.037956143830603084e-01 -2.293141777121085467e-01 2.016876763232151593e+00 2.822699948178748405e-02 -4.061981808618220224e-01 -1.193138858523804080e+00 3.540273060636757729e-01 -3.084422375345302059e-01 -1.482763507832313143e+00
-4.295252280862822958e-01 1.481322524902889182e+00 -4.367243133690740797e-01 7.397551143343304991e-01 -2.126693975904827560e+00 -6.858621858362641266e-01 -8.323297690320231590e-01 -4.833866131031717694e-01 -5.778539393392573276e-01 7.868998639501717518e-01 1.947957003887989869e+00 -3.387009349967177729e-01 -5.651540881231178481e-01 -3.901718399951848992e-01 -5.862831197781123160e-01 4.103107745809079221e-01 7.810647465736868765e-03 -1.706553129635364763e-01 1.766965607222413803e-01 2.182627797961704363e+00 -4.629335890260622421e-01 8.102348521200166687e-01 7.927241926375306891e-01 5.420597411911549646e-01 5.150320305996525239e-01 -4.295471924944760378e-01
-1.499850124091636872e+00 -2.650434951437896647e-01 -1.479458819287880145e+00 -2.362557496339672714e+00 1.491333765382357956e+00 -3.569106722700864376e-01 -2.712030400622152948e-01 -5.369119927948853288e-01 -4.391440313881626034e-01 -1.187097100527764848e+00 -2.225910307408581534e+00 -2.765163555377766702e+00 -3.594820572888295929e-01 -3.380442420723512864e-01 1.468169354232696344e+00 2.985200339391589908e-01 7.005793643183331199e-01 -5.593330807797569637e-01 9.216716763629125841e-01 1.141858696871575596e+00 -8.130905331812672554e-02 3.238837481501765314e+00 5.034127866534979928e-02 5.985659764570345764e-01 -7.593669463224409499e-01 8.668449353049879902e-02
-2.442654319396742602e-01 -1.186783996227375182e+00 -2.236328531688608123e+00 -3.953969785422793426e-01 6.284631422478081930e-01 1.279342977120031533e+00 -1.458222646426394764e+00 -4.639547537917006470e-01 6.942174173651011193e-01 -7.686880869279838491e-01 1.392448286211535935e+00 -9.710966394752493791e-01 1.309032955023319511e+00 -6.172028602919022999e-01 -9.181883321025696709e-01 -7.634516565142125399e-01 -1.711938150723444796e+00 1.594919158471642007e+00 -1.241082775522602155e+00 -2.310466428155550034e+00 -1.534411303633820056e+00 1.642808224745881063e+00 1.260552728791695776e+00 6.299480553915560721e-01 1.487391926984750867e+00 -2.482475951829415273e+00
8.846565024422849977e-01 -1.708725660581814854e+00 7.611405653751704969e-01 7.995558410862747545e-01 -1.149768358247257871e-01 -3.573747307142394747e-01 -2.436138243135397008e-01 -5.174491402713320420e-01 -2.549997718003771952e-01 2.626140882431365675e+00 -9.096053133543714475e-01 -2.981514396678278667e-01 -7.919227411739653277e-01 3.385665461958560774e-01 -2.273423033077853539e+00 1.573769395590707276e-01 -7.085771202317013850e-01 -3.692158748309042893e-01 -2.333618169277460019e+00 2.632822549710222004e-01 -1.269663389844250867e+00 -2.235067927605328020e+00 -6.918798643618550015e-01 2.326558505313095715e+00 -1.764357745607729955e+00 1.292713813206367579e+00
-9.572964736322390200e-01 1.523027916781738655e+00 1.499078593378523561e+00 3.104220031265262914e-01 -1.238408856585056395e+00 -1.233214588223058517e+00 -1.918204193871607399e-02 2.440768241572686570e+00 -1.432539512309451313e+00 -9.467316036573913962e-01 -2.749307419839708833e-01 -2.868859561936121239e-01 6.550534415672433219e-01 -1.493448313856717835e-01 -2.427007602764315042e+00 -9.206895669784446179e-01 -4.899459418051756998e-01 -3.677931751465927102e-01 7.980956089473932868e-01 4.611058705437138250e-01 -1.180134196068470809e+00 1.448591124432617949e+00 -1.216510518780674843e+00 -9.511754502007917500e-01 1.206536516610951626e+00 -7.757520631653355148e-01
1.649773993337831035e+00 8.295416592699375036e-01 -1.226713224979417038e+00 1.190968106223233347e+00 3.053493073622993936e+00 -9.653241122901922155e-01 1.599848978072548222e+00 -1.340732260864623826e-01 -1.621213757657282706e+00 -1.193343216008273533e+00 -1.513336952813945757e+00 -1.854341924579154588e+00 2.950014805022216358e+00 -8.659323636257564294e-01 -4.819195565445232865e-01 -1.664436391312054564e+00 -1.819175904711236358e+00 -1.943993640445688786e+00 1.987577106091346080e+00 1.638802723147795515e+00 -9.935975580527660611e-01 -1.876834753140588896e+00 -1.339458323049244948e+00 4.189117031745255293e-01 -9.314463582049505863e-01 -1.951892813291165041e+00
4.894844927688287437e-05 -2.889462660354404355e-01 -9.412768539612931251e-01 2.116266161171650659e-02 -1.672905770745701126e+00 1.327238888368465597e+00 4.079476108787857824e-01 8.001270522998636670e-02 -1.849272383253777852e+00 2.533929040320889170e-01 -3.028439565799951438e+00 -2.165224547753555662e+00 4.220337858512671070e-01 2.412456423111569936e+00 1.141233211297650652e+00 7.256935968801699888e-01 -7.415064545544135244e-02 3.702085089649828076e-01 1.250166637204091824e+00 -7.436622509135483172e-01 -1.120015315954299373e+00 -4.870245178772360517e-01 6.096825231742286633e-01 -1.404371606337358136e+00 1.161415791405271403e+00 -1.932429290900607111e+00
3.900506145924935164e-01 1.712281749009030296e+00 -1.497931531187749021e+00 3.080291875473571306e+00 -1.808410080357404359e+00 -2.622706639195424128e+00 2.386820951994350182e+00 -7.755778974020115513e-01 2.796984502675879947e-01 1.995130458028966158e+00 -1.259206642543724719e+00 -1.249722247595001390e+00 2.563387733754056708e-01 -3.142704160118030554e+00 2.127989749138769593e+00 -3.292310979418383354e+00 1.204495202842638557e+00 -2.463379064320292855e+00 1.409363900071526787e+00 -3.223440877387745984e-01 2.310031070596654690e+00 -5.110561360741984194e-01 -7.910560889843621935e-01 7.925782130027667627e-01 1.864459837304985212e+00 -6.041926671936127535e-01
-2.364648129503747198e-01 -8.900627627940822517e-01 -7.775434798573030992e-01 1.597904931761196523e-01 -2.046579455900104261e+00 -1.316416197841143942e+00 -1.591724503939660584e+00 -3.562368411110072852e-01 1.155482457559759979e+00 3.206560091449747740e-01 -6.772471177178623902e-01 6.707531447091077959e-02 9.004410053101777334e-03 -8.360354114310037943e-01 3.165442545993047974e-01 2.423800501902409754e-01 -1.704263576312734299e-02 -1.515716806042994635e+00 1.324545775310996716e-03 -4.267319267087713586e-01 -2.896161178726989860e+00 4.776033706988344618e-01 -7.984052107334689286e-01 -1.048473095312667969e+00 -2.093158963663505290e+00 -6.399954053699822287e-01
-1.765188387161816808e+00 4.733789503875694415e-01 3.192441343837051915e-01 -1.475665050537687595e+00 -2.728958737266634849e+00 -9.711641814634059955e-01 2.351430169603576648e-01 -2.632364430340576877e-01 5.395223411058518437e-01 3.094817411016098085e-01 -1.474053555290560258e+00 -9.353710379196334967e-01 -1.984866593194305251e+00 1.709594925240205954e-01 -1.836396148123716099e+00 8.047607502727872619e-01 1.171340959489103155e-02 -1.818375253310172968e-01 -1.486416317005274879e+00 -4.230448489473601775e-02 4.635550967502760078e-01 6.573875022536667112e-01 -7.775498091340246054e-01 -1.886111894678223599e+00 -2.371682058940459137e-01 6.833931114933672335e-02
6.466216930717461064e-01 -1.115136240663833656e+00 6.383488949680681847e-03 -1.166134779017892864e+00 -1.184798208277120096e-01 -5.200384736124358948e-02 1.536712451728046158e+00 1.641832311718614212e+00 6.733174143121424260e-01 -1.628648702685249194e+00 1.417979357334298307e-01 -6.346031825969414841e-01 -9.525402827917825999e-01 -6.538043925755152586e-01 -6.131593537009409900e-01 5.303604459606130472e-01 7.680493392606539960e-01 9.854282124069039250e-01 -2.351591851463720406e+00 -1.590095207105747699e+00 2.169111962374367653e-01 -7.611289675039828451e-01 1.938346316474125475e-01 1.614103707061269821e+00 9.472149585708253827e-01 -1.139842305878286055e+00
-5.285034056395997853e-02 -3.549449815020302990e-01 1.217782204604362484e+00 5.625139701265932102e-01 4.677466510957222767e-01 2.086992412367761618e-01 -1.014410332442045926e+00 3.203264483175704003e-01 -2.723714743917440839e-01 -5.750142025685360814e-01 1.168595074475309969e+00 1.618972232572885250e+00 1.245066316607229773e+00 8.050480686069750869e-01 1.532531775210285607e+00 8.716399314896006167e-01 -1.512466023980757746e-01 -2.958153547582948573e+00 -1.010043221768672055e-02 -1.454315453519056556e+00 -1.770090720741874374e-02 -1.728922331688406588e+00 -3.392655271135328610e-01 1.405188292772335368e+00 -4.334320097421689444e-01 -4.414933050991999841e-01
-1.374336021378975037e+00 3.288424779475849213e-01 -8.393337489592475054e-01 -6.612673100708030827e-01 -1.615243626068255889e+00 -2.065416840633283346e+00 -5.717128440714435156e-01 2.928760538663509067e-03 -1.078620231926882278e+00 4.774192310966511310e-01 -7.723354643083429893e-01 3.527227032592404332e-01 1.215840592508430351e+00 1.984045954698012912e-02 -2.285775496005847174e+00 -1.156110650691994923e+00 -1.143129464353496383e+00 -1.867010662978943358e+00 9.806633432219395707e-02 -1.720080798918929510e+00 4.046949915082301175e+00 4.659880864414330248e-01 2.280463955550525945e+00 -6.570396075445419370e-01 -7.696949429271615628e-01 -9.310984901285169757e-01
-6.001500208703117734e-01 -2.821866802336660207e+00 -9.841348743088886852e-01 -5.381705768997443462e-01 -6.901527418162072269e-01 -3.747970954096768170e-01 -1.115174002711520673e+00 -2.490909344737597397e+00 -8.726622782578108417e-01 1.119566347520576599e+00 7.462709017061525119e-01 4.140162586636439435e-01 2.017135105010187113e-02 -6.183428878713181920e-01 -1.200927738041707604e+00 1.133367334663865966e+00 -5.170007573625190478e-01 2.543200196083469367e-01 1.788821264607391992e-01 7.106204204767312405e-01 -1.492628099291395172e+00 -1.214395000570629213e+00 -8.316871669406120660e-01 1.280327240903921027e+00 -7.297836267695918533e-01 -7.224029302676221453e-01
-1.644858702427276054e+00 1.869528012790676597e+00 -1.913022905625741676e-01 -1.988310106441885550e+00 -8.983948181659660026e-01 2.258941117776736895e+00 4.252237687963348889e-01 -1.191116998761198698e+00 -1.711303986670081323e-01 1.986235819805912461e+00 -5.608258090361382120e-01 7.882015298835116646e-01 -1.319574101381611131e+00 -1.010058618152253201e-01 3.621451080176421033e-01 -1.291646285503520453e+00 -7.907722175189539904e-01 -1.179187089987320025e+00 8.372001116894616235e-01 2.602537456641669245e+00 -4.168167700644970775e-01 -1.292631850390840942e+00 2.838223923963437839e-02 -3.971480883237061832e-01 9.357906333056136283e-01 -2.179907278341694177e+00
-5.627565396324024985e-03 2.873130222466706574e-01 -7.072350587661033749e-01 -1.570727636298469232e+00 -1.504945948221260821e+00 8.239738020347104897e-01 -8.145868914647644843e-01 -2.894870138696659101e-01 2.261367035226633515e+00 -1.747028055839400240e-01 -1.437121733503321952e+00 2.047238523979132641e+00 1.179139362435637439e+00 -2.366757819669939256e+00 -9.026553655629239448e-02 4.101891103497852797e-01 3.187128838969870981e-01 -7.126076647226924354e-01 -1.901307805584144139e+00 2.540006473902094997e-01 -1.978708990958476077e+00 -2.877173167439470713e+00 1.006074433079847452e+00 -1.235776867223973063e+00 -5.978368837372559363e-02 -6.638857837861109612e-01
-7.514525745530057366e-01 -9.383203241709707765e-01 3.811329105943372930e-01 1.010667199766963398e+00 1.089732897077922216e-02 -2.499626776440490250e+00 5.091196356929781341e-01 -4.471699528617127384e-01 -7.101837585780577111e-01 2.012063287539547496e-01 5.295704136234321568e-01 -1.165585051250506599e+00 -1.019274890680549772e+00 8.895223082954091254e-01 -2.443747144298080709e-01 -2.007945597446010588e-01 1.499036114214646886e+00 1.172288074618151911e-02 -4.165409713366146072e-01 -1.188070064972483353e+00 -1.042272836458493668e+00 -3.527506535401804810e-01 4.308164174894747456e-01 1.671728977205782507e-01 -3.647313840769203508e-01 -1.529510479395718603e+00
1.178805926841669072e+00 -2.419236669983360954e+00 2.941607265391120940e+00 -1.266194353292106056e+00 1.961629214097070362e+00 -1.447109352974907281e+00 4.864955241404271824e-01 -2.388778025794315418e+00 3.545662520664571438e-01 8.294141174289516583e-01 -1.979584535913787136e+00 3.055720186032678809e-01 -1.183270028585750477e+00 -2.126147805958487069e+00 1.284513924507647564e+00 -1.798629869709372553e+00 7.992569657267822869e-01 -9.946249407794988118e-01 1.598574562202643989e-01 3.947784271818633450e-01 -2.129382861560718876e+00 -1.332002773291905973e+00 -1.500515938996007437e+00 -2.874484327723099142e+00 -2.412911072147300384e+00 2.435900000721628711e+00
-6.424649571118788982e-01 -1.078119070583011041e+00 8.926146824086574894e-01 -1.956693786906880117e+00 -1.293134266436250845e+00 -2.087432029561258506e+00 -2.681016490400060626e+00 1.089130578759610835e+00 3.342142255006717022e-01 7.651654850999098922e-01 -1.564344776090663691e+00 3.756134401705578107e-01 -2.052670394391193032e+00 -2.804703689708124559e-01 -2.259729396830731485e+00 -2.643863892541185923e+00 -1.586833243703992924e+00 -1.229558067195517967e+00 3.497611075101237255e+00 5.278243769677579689e-01 -2.977546925481778572e+00 -1.139731501622427201e+00 -2.271431822596501338e+00 1.112387956811859313e+00 2.153659454187297762e+00 1.925876391984663316e-01
-5.878484707976923129e-01 2.555019544326086467e-01 -1.851826761201917471e+00 1.183977867168882092e+00 1.613462979096670913e-01 -7.928867750721907415e-02 -9.382521531361793787e-01 -1.551411247339851363e+00 -1.415021002251903859e+00 3.588529513741668953e-01 -1.524251141720355918e+00 9.064954843546320085e-01 2.722851172377163564e+00 1.005359851837962948e+00 1.661563476117068561e+00 -1.505325942046559229e+00 -2.199987567746431782e+00 2.959178044804406937e+00 2.168604297738321307e-01 1.244323395525947396e+00 -1.669151460342118920e+00 -1.993372011468983462e+00 -7.420852213934792108e-01 -1.719904303859052519e-01 -1.788766058195804698e+00 -1.640211409455170077e+00
-8.790552330197802522e-02 1.550542669181242394e-01 -1.986818277372650876e-01 1.128943464409791986e+00 -1.538678281677921200e+00 3.371681370733967675e-01 -2.313554577302060711e+00 -1.362919964781075688e+00 2.474625017377161118e-01 -2.652534610445442365e+00 -1.180878738946992801e+00 -9.053558766603513053e-02 -2.556909832944239458e+00 4.895897225677436904e-01 -1.375285619859520470e+00 -2.770722148993197465e+00 -5.123563226757997802e-01 1.185499748460605157e-01 -1.043573905019763437e+00 -1.783121422954177637e+00 1.226614052701339580e-01 -3.523823363301445966e-01 1.106992488651156598e-01 -3.710736953926977444e-01 -2.047758593147512407e+00 -5.083142445204483773e-01
7.331230324688685629e-01 1.156962428185217107e+00 -1.102586033597867221e+00 -4.129088525033453722e-02 7.433923825859037327e-02 -7.827984112788759496e-01 8.055416830635066250e-02 1.469350558006330187e+00 1.841278849619359725e+00 -1.244179412445296062e+00 -1.139103533143190239e+00 -9.451234969243231809e-01 5.829483945227222907e-01 -4.726368154892217066e-01 -1.236209438574563252e-01 -1.422763696606421879e+00 -2.820165127070681579e-02 -6.724420459804992811e-01 7.060232427763641905e-01 3.417061222990887881e+00 -2.931709476044541685e+00 -6.943311461339592983e-01 5.733677996626429518e-01 1.928049537736109265e-01 -1.767980238847898233e+00 -1.364747897091429296e+00
-1.326129185142094880e+00 -1.276253218115914301e+00 1.106029153432240397e+00 -9.648426806354013507e-01 3.090963659602157798e-01 6.665443110507586200e-01 5.955054147819971444e-01 -7.303008840019818981e-01 -1.842497129375597398e+00 -1.913264885706421170e+00 -3.803596569566711910e-02 7.877985411248645820e-01 4.903775384053148390e-01 -2.616505609069174287e+00 -2.908283541448540621e+00 1.079203451357086507e+00 7.779659968546681625e-01 1.921420361993423587e+00 -1.861563242785050587e+00 3.108195976241423963e+00 -1.095858114996499877e+00 7.996197209596139777e-01 -1.876208163664403683e+00 -3.810517887985686247e+00 4.489140118490775322e+00 -9.576828229322535968e-01
5.055091482213949217e-01 -9.407389491212863053e-01 3.983219951876738607e-01 -8.837930463666427983e-01 1.498381681945738730e+00 -1.638132605468193281e+00 3.380572889345432319e-01 -3.551357845360896826e-01 4.741813319890585965e-01 -1.206808821832745737e+00 -5.662917852862726642e-01 -1.048604315207521287e+00 -6.016664664087134629e-01 -8.374083704458848976e-01 -7.206473053778607030e-01 1.948073302521325267e+00 -1.014245720725786670e+00 6.852890413196868202e-01 -1.173521173146203411e+00 1.339086739416081931e-02 -1.220380244205056530e-01 -8.690945884709823099e-01 -5.082791241772806057e-01 -2.220939379818356318e+00 -1.758093522697517175e+00 1.182431892017448805e+00
-2.101342724817901186e-01 4.554873362032482165e-01 7.768760397914449556e-02 -6.693083674677229311e-01 -2.589011974125208226e-01 -9.295991639910298199e-01 1.817995584566090894e+00 2.379061902792914740e+00 6.529056445776316719e-01 -6.603566758487297017e-01 1.676332421898720781e+00 5.953771587601831561e-01 8.544564913812711104e-01 -4.588910903774005567e-01 3.039506317122235221e-02 -3.287635518979112326e-01 -2.424824469810038963e+00 -8.006141983229484449e-01 1.284750751958455117e+00 7.913952558662369352e-01 1.877963216413400804e+00 -1.486621712638677428e-01 -1.643607562471008476e+00 -3.133262635569773469e-01 8.803000224381980487e-01 -2.137475672522890946e+00
4.053850556986297038e-01 -1.468633182559744010e-01 -1.189744852939164099e+00 -3.071570873557795123e-01 -1.253536899331309185e+00 6.075036616901543507e-01 9.480004208931921972e-02 -1.699687657474722613e+00 -5.577261511331010890e-01 -5.757276207428374537e-01 -2.148423437270553515e-01 -1.276681726431806663e+00 -2.057292238518784733e-01 -8.648961732206668362e-02 2.698282025180341326e-01 7.722751046704323663e-01 -1.575918845257451739e+00 -1.655743061294736806e+00 -9.421758378632849595e-01 -9.031768830040810547e-01 8.177777639480108274e-01 1.219648007189402028e+00 -1.128310944385222614e+00 -2.387914192391934254e+00 -2.768874136055056168e-01 3.279418096918568226e-01
-2.920616994625058194e-01 -1.785492731148228540e-01 -1.107772864245609945e+00 -2.263135916098690359e+00 -4.130333043196543485e-02 5.657876549036344738e-01 1.976529324449467051e+00 1.203741682213027353e+00 -9.241628939947921229e-01 -1.819066089931497210e+00 -2.366353585873643972e-01 -3.951569928077659499e-01 -1.853834951078968674e-01 -1.604794401631720824e+00 -7.204817674113307424e-01 -1.493064261902174117e+00 -2.056395658555206785e-01 -1.563725089111622224e-01 -8.319892081351245583e-01 -1.034320619600896496e+00 4.921407716947904382e-02 -7.181782920612155285e-01 2.685892053842970029e+00 -1.869053997297323022e-01 -3.726430723761549602e-01 6.157821473388410682e-01
-1.207183702727826491e+00 -4.968975564106610787e-01 6.737120527130399661e-02 9.984636763499354917e-01 -4.375162515465430002e-01 -3.346413047316549871e-01 -1.089934237086506830e+00 -1.274403032266867575e-01 -4.286102887922505628e-02 2.192606306106588757e-02 -7.196831387370756783e-01 -1.733049119642060820e-01 6.547865363311659026e-01 1.130527064376587593e-01 -1.838711653170211832e-02 1.047610728899153854e+00 -3.692284521358213945e-01 -8.087457667751604684e-02 -3.390231956251468781e-01 4.050364371694627902e-02 -5.274019460608813104e-01 7.498740601693928420e-01 2.412910898630677536e+00 1.664166879943429045e+00 1.074456826952941979e+00 5.670519489561046678e-01
-2.102080604069259451e+00 -1.672820677042869075e+00 1.184138391253681810e+00 -2.767861633300582325e-01 3.230708091205527488e-01 -8.488033086127989568e-01 -4.061483876126583681e-01 -4.530321981468528603e-01 1.784810401957974024e+00 -1.427257571621505905e+00 -7.242262637409987436e-01 -5.129305118512051953e-01 8.105022311136644841e-01 8.151558338498966494e-01 7.973488688168699212e-02 6.273633369297386686e-01 -1.076282231182832172e+00 7.928239950548702231e-01 -1.187652591634369703e-01 -1.454706387995677197e+00 -1.360743903971493252e+00 -1.236895078195545672e+00 2.509936648907431511e-01 9.986217634176709768e-04 -2.338095213944453299e+00 2.468459969373819063e-01
-6.402761286307611099e-01 -1.113651823581183059e-01 -2.336342568073481285e+00 -1.394464768758931994e+00 1.210741913243259305e+00 1.238085936123433317e+00 1.398601979987994792e-01 3.763666041466887102e-02 3.205582481493938207e-01 -2.814612685421546967e-01 2.767856961382216680e-02 -4.922692787983696805e-01 -6.874806228645133355e-02 2.981982808733817103e-02 1.225255361362353357e+00 1.006715864978076524e+00 2.168477029831724856e+00 4.146578924507313135e-02 9.309779036117367124e-01 -7.109960441633476069e-01 -8.377470302529419488e-01 -8.164663005134608076e-01 8.954891895229155629e-01 -2.238290696687869730e+00 -1.584679191439529067e+00 -2.379304449001121924e+00
3.670374837651504962e-01 -1.513415665916467256e+00 -2.837856636548188316e+00 -8.025815515964712654e-01 -7.488010506391444832e-01 5.476990243527675162e-01 -1.548352897240403037e+00 -8.943075510754435742e-01 3.887405176787614436e-01 2.087247243609706704e+00 -1.269189928918998955e+00 1.729299751180020772e+00 -1.227409427848163537e+00 4.769134553199534943e-01 -1.705196413556110957e-01 -7.610961586848189464e-01 -3.285164652980007149e-01 -1.553764110358830663e+00 -1.972426350256252015e+00 3.285706261761009439e-01 -8.958605380700251919e-02 -2.962775152941123924e-01 -1.210475815156536683e+00 1.477247818995523765e-01 7.339086549673747850e-01 5.731576029646945347e-01
-1.066389543786220306e+00 -4.424936453323864982e-01 4.449190113177840522e-01 -5.768404156385480430e-01 -1.010231171893395619e+00 -1.819724485783078105e+00 4.477738517201448332e-01 -5.312482230185229248e-01 1.146686456467954224e-01 3.602162311594121480e-01 -4.424769733137038545e-04 -1.583218239811946537e-01 1.851039680643397911e-01 6.294894976042773871e-02 1.447554102401504617e+00 1.302014587441852722e+00 -1.198926285276863402e+00 -1.041213829526661527e-01 -1.905569887255135653e+00 2.846568945967023478e-02 -1.130523902895359534e+00 1.504502805382570640e+00 -4.436767519790311698e-01 -1.736109677303698806e+00 1.956446742799540672e+00 2.364191031195142401e+00
1.965470432110218546e+00 1.158229163164370856e+00 1.342641757402673885e-01 -1.496286674724510046e+00 -4.089464528744873872e-01 -2.067889431363596042e+00 -6.994609687616840654e-01 -7.865545164346388063e-01 -2.463160138359351325e+00 4.353682776107595936e-02 4.866341168021996455e-01 -8.281791205385341526e-01 1.394944591684273094e+00 8.386059087988568805e-01 1.033897611425175445e+00 1.676611625690082111e-02 3.108236984013552084e-01 2.356922180135067324e-01 7.170013583290677506e-01 -3.231438945396037377e-01 1.191610496919500495e+00 -1.237044419862122213e+00 1.140923790067149168e+00 -1.260432011081768389e+00 -1.474028484807609285e+00 9.881967591087488512e-02
1.667339520595273374e-03 4.081967624904260239e-01 -5.978174027243443600e-01 -4.643413162510486858e-01 -7.517795589823569324e-01 -3.133078746094495326e-01 -8.116915836003744111e-01 3.490162411145326660e-01 -2.770027337784701338e+00 9.992874645737804817e-01 -8.946421521182216230e-01 4.545444937270836094e-01 -1.754675447113240638e+00 -2.479547313767287875e+00 -3.701626762216227995e-01 -1.767788542442020550e+00 -1.666525389437136351e+00 2.572372256948177519e-02 1.010332252960832733e+00 -1.450912169172852706e-01 -1.180719641862973290e+00 8.191949663777767232e-02 -1.374060679142864005e+00 -7.737556997856953611e-01 -1.222794072291713663e+00 -6.222442551945944755e-01
1.165713315175127773e+00 -3.670681690529150609e-01 -2.740851323157045716e+00 -2.534489142550047536e+00 -8.476357024680152286e-01 -6.685181784150038276e-01 -1.683795849894492935e+00 1.833532666851234838e+00 1.816317436221425718e-01 -1.062434669654337416e+00 1.092946097101040293e+00 -7.805645561852584402e-01 2.099327125544747652e+00 1.632064204919243089e+00 -8.539581230744778262e-01 -1.807358352843799754e+00 -7.547668641202788520e-02 3.163989623405030205e-01 -1.111152621032855725e+00 1.645674757155271228e+00 7.138496488700983855e-01 3.999792112066459238e-01 -1.648339421231240554e+00 2.030643289518764938e+00 1.179253798542276632e+00 9.283100582654673083e-01
1.343433685906860964e+00 -1.150881827603092544e+00 1.792764554036263114e+00 -3.329657942415021665e+00 8.385679951336192373e-01 1.221245538552157228e+00 1.905265321042877602e+00 3.745022438431589440e-01 -1.146695142837617754e+00 -2.456475955683954104e-01 -1.681076844764204159e+00 -3.827296101005661200e+00 -1.315038960191240724e-01 -4.070346890174144638e-01 -1.280898360826882465e+00 1.687264850369875724e+00 1.326286401312935181e+00 1.972053571163844277e-01 -1.088323352454286796e-01 -9.482918131135973372e-01 2.533766607095835788e+00 -1.141481206737397613e+00 -2.395836512107476945e+00 -1.100452901747382695e-01 1.077739602723196688e+00 -4.184824351464170311e-01
-3.330855191795419334e-01 3.994090937228572891e+00 -1.377159762329568826e+00 -1.092641637672279398e+00 1.904420047885826639e+00 -1.812541175762050205e+00 -1.460749634611945069e+00 -1.140205468995650229e+00 2.761476277219895858e-01 -2.112890630505226408e-01 2.610895849453487294e-01 3.577213150134225250e-01 -6.963200142504225587e-01 -6.111776264825129895e-02 -2.494014574748207591e-01 3.763938783817550870e-01 -1.050170561965539928e+00 -5.869813592994436169e-01 -8.869533815833811063e-01 1.344395667588418053e-01 -2.028291533086370002e+00 -1.461196939158130759e+00 6.749761625196910586e-01 1.014996062319375725e-01 1.357171707927848359e-01 2.263753331195696994e+00
9.914615031021634106e-01 -2.711256757305032794e-01 -1.561711598546674518e+00 1.387113102519885732e+00 6.980687431288097322e-01 -6.045687092602081147e-01 -5.257612233370334565e-02 1.538010025398188541e+00 1.721765159402662615e+00 -8.657404215800736935e-01 -5.326748151054348790e-02 6.122818409689186891e-01 -6.161239636583538681e-01 -6.370104708379829839e-02 8.566849129546496577e-01 -8.457542371175829077e-01 -1.459699880073065836e+00 1.898174193511135144e-01 -2.085703424184854882e+00 9.720204738887732177e-01 3.268136187879480126e-01 -2.669616365145683901e+00 -3.704105320333709317e-01 -3.315965844849755317e+00 -2.228217604187216150e+00 -2.760008007748497860e+00
4.587576002442756984e-01 1.008580059612695035e+00 -1.850740905711789841e+00 7.952454163498042794e-01 -2.293068092618587850e-01 5.301724814884697379e-01 5.803420251481280490e-01 -5.792523153753072890e-02 -1.597990946376417476e+00 -2.137962612784513716e+00 1.383278261112224961e+00 -2.121884260803506006e+00 -6.140715849683824751e-02 1.358233341879523159e+00 -1.413018333556750550e+00 2.358531304902352632e-01 1.699895302619658155e+00 -1.634379968365279767e+00 6.905317365902770010e-01 -2.541448410810160929e-01 -1.777295624602279966e+00 5.077409152403285914e-03 6.093650927684247653e-01 1.128615425779211506e-01 -6.570185940609679642e-01 2.841060076895435493e+00
-1.103136108710011998e+00 -1.407003045437837940e+00 -4.412474914588164210e-01 -6.764951022248583135e-01 -9.635297354111900248e-01 1.044857711165809860e-01 -2.403073145154755341e+00 -1.110020988176976919e+00 -1.445901080839105679e-01 -5.687575197937552174e-01 9.064938997146042565e-01 -1.764900303586003805e+00 1.740171297783818863e-02 -2.460956410340398914e+00 -7.074310848494093085e-01 -1.291615245900504139e+00 -2.111571600950505889e+00 -2.634783296666445285e-01 -3.000508533208524398e+00 -1.832866631224465914e+00 -1.696014503160474807e-01 -1.610721592571315641e+00 -5.239233064087598368e-01 -3.280358072279660614e-02 -8.852415383037794960e-01 -6.603863935698407461e-01
-3.899689779525092881e-01 -4.475414258718269367e-01 -1.292721022586803770e+00 -1.837115758855582426e+00 -1.039948507426960767e+00 3.517368743594474767e-02 7.384711567628360340e-01 -6.981436043136174385e-01 -1.571411429946608429e+00 -2.142100907534279841e+00 -5.047000332539752776e-01 -7.882744557683490916e-01 -6.314455907636620235e-01 -2.599913897737328172e-01 -1.317174558414088370e+00 -2.668898610727521437e+00 -1.206773111126476505e-01 -1.278084486366231509e+00 -1.518740117187031169e+00 -1.582074724226596896e+00 2.720960659230460266e-01 3.128943504308940859e+00 5.683734399184583452e-01 -2.385571482894426609e-01 -3.417817706698467739e-01 -1.488015012335761389e+00
-1.471361229065991649e+00 1.382892542465189167e-01 -1.162123738911754467e+00 -5.140643034122848176e-01 1.500872116934529911e-02 -1.120425251406644840e+00 3.504896235291615585e-03 -1.141198813421150149e+00 7.091145674797515452e-01 -1.272055938172860889e+00 -5.750915477536557852e-01 2.325428723364377781e+00 1.424679908098928305e+00 4.275604833381621006e-01 -2.192127168451168284e+00 1.739510889552083661e+00 -3.585761434563475847e-01 -5.100942291884875690e-01 1.964262831861385283e+00 -1.998676096887657683e-01 -2.317307242079642116e+00 -1.534893584334010797e+00 -1.164987357688070269e+00 1.641910337083815952e+00 1.929998009769225531e+00 1.751750968152494259e-01
6.701445957414188248e-01 -5.346863676115789499e-01 -4.892141688212482964e-01 1.374358419626966699e+00 6.878888199646178148e-01 9.371693769608234748e-01 -1.211829508630627217e+00 5.348724731627901852e-01 -1.579273209785933274e-01 4.687638508636435275e-01 -1.046362203603056651e+00 7.420834732080735519e-01 2.228283255541916585e-01 8.073736606057087262e-02 2.861725136104551481e-01 2.697193180456100015e-01 -5.552571183217055450e-01 7.107127766633527521e-01 5.231980160747269348e-01 9.316108668268022752e-01 -2.650581802409386900e-01 2.409929059894576897e-01 -1.953251871766198411e+00 -5.881991220316173941e-01 -2.149066104188124715e+00 -7.093277266021525973e-01
2.373574024574101049e-01 -9.994458754185596705e-01 1.507671557848206723e+00 -1.280548830428793972e+00 -8.487260361358276439e-01 1.775679245461715683e-02 -1.048649692665210686e+00 -1.018280423335822943e-01 1.682201230813934120e-02 -2.140029591531829867e-01 8.199005503140940343e-01 -1.326809212713444763e+00 1.093659038145576301e-01 2.692696836349657286e-01 1.636803138680722025e+00 2.617725785252095205e-01 -1.237639872041182698e-01 7.546802608745940555e-01 6.965879908240315554e-01 3.352828777237425673e+00 -2.029748102021592671e-01 -1.691797796182487879e-01 -1.096257878950917197e+00 1.103943134746214527e+00 -7.511308253102497723e-01 -1.201124281804218485e+00
