-9.364033621960817788e-01 -7.615951049821086949e-01 -1.121449152365892932e+00 -4.286703689380182425e-01 1.337712852100720218e+00 -1.855148289423029340e+00 -8.273426359796737239e-01 -7.077708455068820736e-01 9.635454799129243852e-01 8.191708554375136675e-01 2.477497291390672041e-01 3.283707341705383032e-01 1.230617313229962484e-01 7.705699223601835124e-01 1.015843204712047365e+00 9.263806113906325468e-02 -1.454865485580354445e-01 -1.390667217998510674e+00 2.221065431720255834e+00 -8.906601845482912116e-01 -2.752403619614195440e-01 -3.053751548651035264e-01 2.930444564177317468e-01 -1.698474929796281563e+00 3.485674639250314066e-01 -7.079261056225271131e-01 1.276241640991981896e+00 -9.324418715914865874e-02 1.090197243988126452e+00 4.921967317730908675e-01 -6.442355140986386064e-02 -9.618203941696595871e-01 -7.388359539262617792e-01 -1.138652392967683280e+00 -9.996162554183219556e-03 -1.120837491689075982e+00 -9.983782791062237871e-01 5.144112184534339605e-01 3.653509233098859443e-01 -7.637423437868964271e-01 -4.392909796923836208e-01 9.927585614996685681e-01 6.611606234217014544e-01 -1.498454293401145776e-01 1.887163969574523203e-01 3.511348567358379968e-01 -5.258420405854215968e-02 1.334939255545656733e+00
3.357260421390685368e-01 -2.353729974232286359e+00 -2.659152536267078926e+00 -2.260982396663261396e-01 5.927283365000425297e-01 7.371619689702151035e-02 -2.689848992718201437e+00 2.181622879902683998e+00 -1.379299450230380586e+00 -2.422779587817784908e-01 -2.861309156563848211e-01 1.570629928600631997e+00 -8.658251904343918781e-01 4.382393597927533024e-01 -1.227113127998325615e+00 -3.983423886247393630e-01 -4.939569207274541740e-01 -1.428429494965161028e-01 7.295777777031867695e-01 7.429237788777495188e-01 1.553278179585242613e+00 9.340854360728941819e-01 2.926161256419192447e-01 8.891961898446308910e-01 2.865371622616510461e+00 1.349507125024516530e+00 6.160264460408374498e-01 1.314238364893085764e+00 7.685912080740420205e-01 -9.048014852934005425e-01 -1.336021832878766302e+00 -1.230355688441841844e+00 -2.502707751774960743e-01 5.604551080706715593e-01 -1.849983508251811237e-01 5.453330307837562785e-01 4.396375503606860802e-01 -1.009059111067741182e-01 3.904946044556121265e-01 1.882618990987223295e+00 -1.078749505615426374e+00 -1.665754238752436445e+00 5.445099290222393806e-02 9.508208250203212808e-01 3.533663706996332254e-01 1.497124221413380418e+00 -6.888115519400436204e-01 -1.769774122873996047e+00
-8.762485755498836681e-01 -1.208233014278919049e+00 9.878712261884138590e-02 1.069275589196116982e-01 -3.018199972643121898e-01 2.351886728405910287e-01 -2.997772771585565654e-01 -7.665304750021479929e-01 -6.963463477341056418e-01 1.536754140287668047e-01 9.817531163433680375e-01 1.365277657301975145e+00 -7.279601645788253972e-01 -5.019292375723279909e-01 -1.731250316506517395e+00 7.159736746320428669e-01 5.228915008913016527e-01 -1.149003962752855740e-01 7.362936555129285798e-01 8.464601236301644294e-01 8.741971132522036170e-01 -3.324157976952892835e-01 1.201895072556722122e+00 -1.821175909153206041e+00 9.021026799588197642e-01 -7.602296673466488741e-01 -1.074532723597765083e+00 7.593099651728147936e-01 2.245851950721950097e+00 8.456779071999012132e-01 -3.377400820145107230e-01 6.852883917789299728e-01 -6.035685837725535130e-01 -2.634448530465779426e-01 3.821231644704534691e-01 -9.690247599952738211e-01 -9.324303798151930556e-01 -3.020842308134527587e-02 -1.315736295607975226e+00 -7.998943730841290289e-01 -1.510490648137774006e+00 1.878113512294431464e-01 8.303044979975450213e-01 5.130842588878872235e-01 6.909038746234789086e-01 1.070907286248454326e+00 1.296647270487266912e+00 -4.721345982631509619e-01
-1.246529112051573129e+00 -4.646319191192179177e-01 1.087908041476288723e+00 5.367353585940481953e-01 1.599963901417368606e-01 -1.147452462298331310e+00 -1.957364650074648216e+00 1.441000753274842339e+00 -1.125281409626141649e+00 -3.889986368909499337e-01 1.713986287146940457e+00 -4.327237862603215413e-01 -5.579459196584857228e-01 -9.239046951745591985e-01 6.920073065545561120e-01 -5.888632085768804592e-01 2.503407703154703068e-01 1.035114082399662738e+00 -1.994206586833083272e-01 -9.501452157049883329e-01 -3.718189722495202632e-01 -1.299862897123748029e-01 8.709200296812337483e-02 -1.262441736419177840e-01 3.916970693945544535e-01 -4.857386952068661889e-01 1.584892804850233650e-01 -1.519510233402096233e+00 -1.217671164366642411e-01 -2.058673046973427401e-01 4.369426003463895980e-01 -3.315417696257362545e-02 1.090161695400706954e+00 6.055491954553947620e-01 2.492085303394697249e+00 -1.130883784237441292e+00 1.806802023260748458e+00 6.231450108773591012e-02 -7.255182770289497762e-02 -3.823439139087528305e-01 -2.779725623662502310e-01 1.000193408032213238e+00 1.289134751656980882e+00 -4.552906797612788631e-02 -5.317627691901171127e-01 1.827635065626553312e-01 -8.045788711713338648e-01 -4.619333769615636687e-01
-2.691728334698738845e+00 8.152995657595427659e-01 -6.911517894819347863e-01 1.178637356114258683e+00 -1.527100210897725852e+00 -4.904043522041041103e-01 -2.616515292671759418e-01 1.189130414910984257e+00 7.017469338526194367e-02 3.423484640821489178e-01 -2.811619578833614574e-01 1.940602767080566726e-01 9.175874092382666491e-01 -1.699812467490273482e+00 1.592832417503572850e+00 9.415261629418107958e-01 -6.034574019552065849e-01 -1.844087943750503777e+00 2.740825340484254746e-01 1.812243060651165250e+00 3.984743235470267764e-01 -1.684745330131641738e-01 -3.402658266924863950e-01 -9.873732390884752963e-01 1.319247865325270663e-01 -9.330432233252236585e-02 4.622536709916102993e-01 -7.694698141227840349e-01 -2.765556713560831437e+00 2.110518382159156936e-01 8.892503094499996097e-01 -1.293695898779595455e+00 -6.250522544525138890e-01 7.086631714756311817e-01 -2.163768780733985153e+00 -4.734812684625441803e-01 2.379711402997192471e-01 1.825719354941477413e+00 2.312832904518967447e-01 -1.413720500268226932e+00 4.632071785343775949e-01 1.248064372828124657e+00 3.078044816577288678e+00 7.990239350673448149e-01 -9.155046523642115797e-02 3.003448668304125935e+00 -1.284218190956443406e+00 -4.977585149923371421e-01
-6.622476459936353921e-01 -1.204574714358192855e+00 9.145159191379017560e-01 -2.026835872460719390e-01 -9.907647653972175839e-01 2.554608238093714623e-01 -1.009293165579459695e+00 -5.825937412756880818e-01 -1.323114307233955733e+00 1.668479923888856797e+00 -9.038901510178044829e-02 -2.551912609894015360e-01 2.788546182018306063e-01 -5.762365491870767853e-01 -1.199979879996728727e+00 -2.116495559005392657e+00 3.118320330424134007e-02 -4.521011394748494783e-01 -1.293187784887207981e+00 -3.264725573223563604e-01 -7.231394964961816996e-01 1.635928544502063042e+00 4.339645818417603440e-01 1.136650195696973897e+00 -2.066702117206694889e-01 -3.630972852523441929e-01 -1.278818043221568779e+00 -5.848038312207727296e-01 -4.623290879524625807e-01 -2.597015887349664598e-01 9.597329683304099968e-01 1.052111823364850096e+00 -1.313428592843914666e+00 -7.573540865216883411e-01 4.644117121793699399e-01 3.029592278334024558e-01 8.242512496952281165e-01 3.045463873352025619e-01 4.631529348384913480e-01 3.018888776459779585e-02 -8.127470701365969996e-02 8.616614841035659111e-01 -1.533819697753076916e+00 -1.666124118731529213e+00 6.777976642463583445e-01 3.084171398788412288e-01 -5.132295385308729418e-01 1.706473676854194377e+00
-5.701683240388224494e-01 8.653797251986418138e-01 9.542457999652178557e-01 -1.341478328754841964e+00 1.345269383853282541e+00 -1.113611980400055906e-01 -9.898660523460047767e-01 1.048851865601373223e+00 9.908373966321724069e-01 -4.581259828247652988e-01 2.042788089350889180e+00 -6.329703462112884482e-01 5.100136563155927005e-01 1.449132800313416958e+00 1.789425782700664047e-01 -3.832860701977579554e-01 7.034908879385750602e-01 -1.608153061915987836e-01 -5.281386967770621554e-01 2.099375815150975877e-01 -3.871689029848363606e-01 4.252530348396222348e-01 3.535301586635454796e-01 7.706267563420680089e-01 7.803793698487355712e-01 -8.379874708976413622e-01 -1.165655596229616675e+00 2.410093234582013189e+00 -6.246222816395048671e-02 -9.467699250761504870e-02 -2.555729892839858630e-01 -1.216246195070984193e+00 -9.830456537492447966e-01 5.546758091105767896e-01 6.627272940673754054e-01 1.836663712267876170e+00 1.736898027014091905e+00 -2.745836403235635825e-01 6.725878880543866012e-02 9.442135455889957840e-02 1.435193263021906418e+00 -1.113116679908311424e+00 9.367726113381266706e-02 1.511063592030941274e-02 -4.584966584468662676e-01 1.428898155342651854e+00 -1.005775196586728093e+00 1.304770105736766939e-01
1.229909742926533101e+00 8.005212902599196934e-01 -1.724562650063891089e-01 -7.525240542006023103e-01 -1.988400201218248897e-01 -1.647086555850852063e+00 3.798075903346276871e-01 1.257407216608387390e+00 -1.605152340679878220e+00 -5.330836818044339953e-01 -2.374907072594887314e+00 -2.163223712785546926e+00 6.952077500132496368e-01 -1.419535855858891082e+00 -1.957932873560081166e+00 -5.723963503109010670e-02 8.775178510386507647e-01 7.530891522819337380e-01 8.998853837223963481e-02 -7.751467710579246218e-01 -2.133969013431941952e-01 1.567693337579996182e+00 6.288531794391784002e-01 -2.309079906880438848e+00 7.835625648105825070e-01 1.223513188694218823e-01 1.739749935985511087e+00 1.563893602930205073e+00 -4.721343960307632925e-01 -1.175016798130374518e+00 5.156477008408971718e-01 3.774909345570496844e-01 2.596361639691287526e-01 -3.329294622143862958e-01 9.427607904581202236e-01 -1.066662047136927249e+00 -1.315832080783916058e-01 1.156471161938263797e-01 4.872672408539460709e-02 -2.206771239757166381e+00 -5.214214579685600981e-01 1.605931251559589823e+00 2.556442936899649410e-01 -1.243593443541672894e+00 -6.468368925930614681e-03 -3.872618913253492168e-01 -8.895543918799401206e-01 7.196226377306844668e-01
2.022115304643370859e+00 -8.600307680977594682e-01 -1.171495649072847645e+00 4.757286670613667945e-01 2.744684861964254430e-01 2.008353451897743280e+00 1.819452888043893157e+00 -7.231226252539276755e-01 -8.516110897605168040e-01 -9.790946126801232108e-01 4.532258564915387922e-01 -2.389104864807907180e+00 -6.249832605185073886e-01 -1.515946467693886357e-01 -2.366266251023552147e+00 -1.331456382731590615e+00 2.457371842138180273e+00 -7.636566923030226051e-02 -1.604550982224175470e+00 -1.171863925664525574e+00 6.468850684047007527e-02 -6.089343479695543682e-01 7.463674566027179991e-02 1.238540900476708284e+00 5.511575089803620875e-01 -7.420141390768487666e-01 -2.426973742458750360e-01 -1.321449092520027513e+00 1.065181022910079989e+00 4.831864164386028282e-01 7.327807974186864026e-01 -8.665684686493972944e-01 6.664640234579702893e-01 -5.995154160778939367e-01 2.998818297331448668e-01 1.977942925099285820e-01 2.791951038533538210e+00 -2.565706249430940722e-01 1.238093852224294578e+00 -8.896020143480812825e-01 -1.778678339526792662e+00 -1.266281313353846638e+00 -9.320293400474142231e-01 2.614000105922246187e-01 3.284827790991810548e-01 -1.713137899507084727e+00 -2.729239819509182152e-01 -7.929055067056123285e-01
8.785976285968782884e-01 1.606356699032626567e+00 3.169374191394561668e-01 9.004701603250887532e-01 -9.317878113187684219e-01 -2.740867094320649788e-01 -9.003069809280633828e-01 2.128152017403859564e-01 1.201185150694375148e+00 3.645473309264807282e-01 4.801531231519682308e-01 4.162986832708844287e-01 1.426505794427289919e-01 8.304215118944043850e-01 3.353582662926266056e-02 2.661083299870926622e-01 -3.703484865148470306e-01 1.109932196318151432e+00 1.274934476209136580e+00 7.215867387826599977e-01 5.662580541911095278e-01 7.491129399463956062e-01 5.279245466343026605e-01 8.405112165361425247e-02 5.066315686215587810e-01 -5.376567443413077241e-01 1.199002655091554237e+00 6.774971830325121624e-02 -6.277779942236195732e-01 -7.503751290541530450e-01 2.353950735218339307e+00 -3.285022531824676739e-01 2.735750119513729040e-01 -4.284085215406550212e-02 1.343956234647625037e+00 2.952330671056901945e-01 4.239378737783380813e-01 -7.205010407517821180e-01 -1.676426176704771676e-01 3.207876565840644401e-01 -2.716507545475747021e-01 5.025197415174046389e-01 2.934457138043049529e-01 -1.977411291707825147e-01 3.769190985272730804e-02 1.119502785465478489e-01 8.629351272125809769e-02 8.075370875077387822e-01
5.106199852486542623e-01 -1.283589868674456902e+00 -6.766068804061516895e-01 -1.708350718723995465e-01 8.161653726320402535e-01 -7.507996858354532010e-01 1.776401575162157798e+00 4.281312808761411071e-01 5.735177570199587738e-01 -2.040887412477403740e-01 4.321300573961777691e-01 9.635198997151577238e-01 1.255734387524939599e+00 1.526499340199367893e-01 -1.223778230555921498e+00 5.225614792237596173e-01 7.382167325552574377e-01 -1.958119168836715662e+00 -3.580289646592749175e-02 1.013564237526591638e+00 2.693145276938642585e+00 -1.786567485857025517e+00 -3.390217461517023301e-01 4.637139475057148741e-01 1.126038269072240805e+00 6.750075762316017913e-01 1.279050914969770636e+00 -1.698360052828638486e-02 3.425244774447808171e-01 -8.734555099017031476e-02 -5.154415313000803023e-01 9.090582591753971764e-01 9.408446300521185190e-02 -1.110063071342659580e-02 7.576884554905046754e-01 2.037232872151459873e-01 2.654215834275936992e-01 6.929364282593102331e-01 -1.827314003105627027e-01 -9.426573619711156038e-01 -1.179865214356498715e+00 -1.853413111979897165e-01 -6.461267433914613667e-01 1.074570034931316309e+00 4.248158904497263411e-01 -8.472420420923802709e-02 -7.057547953452998346e-01 -1.355198432783812912e+00
-3.379795974822049076e-01 -1.168769059177900971e+00 -7.340164771370958352e-01 3.905242584326489741e+00 -1.329365809801355436e+00 -1.263164868970302113e+00 -1.410811902613731128e-01 8.188818184666725175e-01 -7.723047742556728990e-01 6.955017466472548371e-01 1.284457221762422274e-01 1.429308235323314635e+00 4.690264435689958655e-01 -2.954755732643019051e-01 -1.627537899822765421e+00 -3.937332836491421739e-01 -1.243032669286820990e-01 5.459654330519427834e-01 1.641993708563182830e+00 9.145382858488585454e-01 -2.837166934550820474e-01 1.949913850666241233e+00 5.848413635989751364e-02 -6.545062759441120370e-01 9.375984228144063071e-01 -8.086279070975580519e-01 -6.895987335304752663e-02 -1.512480493381734292e-01 4.474021825565839272e-01 7.075186220497307055e-01 5.809653738629121378e-01 -4.744639242162131954e-01 -1.485260142422846652e+00 4.561913972615003199e-02 1.494515705203451061e-01 -1.506913248663269034e+00 -3.993869969222212379e-01 -1.321462957194434518e+00 -5.701957195508979698e-02 -5.810800104767501750e-01 9.881312400847735988e-01 2.888373838677112393e-01 1.473761535006411272e+00 -6.691282075944799956e-01 1.042112138428969326e+00 -2.089266310951166439e+00 9.664672525269726311e-01 -1.084005293158333938e+00
-1.444432993476642446e+00 -1.335889139584013785e+00 7.149558320500499775e-01 5.606067989476376523e-01 -3.893873131631141460e-01 -1.999281683160696987e+00 6.019343274030403146e-01 -2.585632376792715847e-01 3.193827403361423900e-01 -5.813502512518881060e-01 9.313995560137303675e-01 -2.763978084053736684e+00 1.565240304184092879e-01 -1.761714046682239632e+00 -4.649721694860570187e-01 -2.667933073954044665e-01 -5.411829073200343648e-02 8.001166185257106989e-01 -2.805376000978218043e-01 7.102240626446475469e-01 5.997853747038652816e-01 -1.537634622021477382e+00 3.363877484187891564e-01 2.740744556911822727e-01 1.052273624100953375e-01 8.193927882826830267e-01 8.712099229287631474e-02 -8.311127117151578814e-02 -1.028592903358428901e+00 8.623564405899899477e-01 -7.354374104909884302e-01 -2.686530780618722192e-01 -2.034701623113308599e-01 -1.144613067567442188e+00 -3.676290673337533343e-01 -4.847157747523987426e-01 3.979353050188436658e-01 -3.575176112389165106e-01 1.534119856190771625e+00 1.074875285083134901e+00 -1.561922669347825421e+00 -4.381268483699228278e-01 2.871633251187688085e+00 -6.091877201553790311e-01 -8.294829532555062640e-03 3.606491562146804664e-01 -3.023493617444102388e-01 -9.968364818137451233e-02
1.958359281416741871e+00 4.437844002079660566e-01 -8.501001350536839807e-01 1.040699949056214546e+00 8.971006449372183056e-01 1.072729525969551290e-01 4.451096676531327567e-01 1.720215251555881064e-01 8.677239578378510565e-01 4.204050219674495409e-02 1.158933512216967276e+00 1.353711800015654498e+00 1.154550152464983270e+00 2.410232500229414487e+00 4.624153538865115598e-01 -8.153050503708858532e-01 -1.374200605421243004e-01 -4.434403579672556162e-01 2.248691376195900982e-01 -3.466861615702451438e+00 6.532795744720106823e-01 1.145504243400550015e+00 9.782728558505373109e-03 -8.520830624655684193e-01 1.608059617750680903e-01 -1.194633561349248252e+00 7.211744919571702050e-01 6.487787131239828309e-01 -5.865394439851858710e-01 -1.725150142856968216e+00 -2.118205247891249865e+00 -1.088803548634118545e+00 -2.143161779407411482e-01 1.434593278505322256e-01 7.071855673938748366e-01 -2.290364792186449505e-01 -3.082643618271823649e-01 -1.192328650694134129e-01 -3.215553361851118952e-01 1.990681054889195389e-01 -6.110350154808878997e-01 1.413485381201834423e-01 -1.698644180159531558e+00 -5.255761367476020386e-03 -4.560219717131021033e-01 2.765789366323472276e-01 -3.828584480118749633e-01 -5.936312043209026612e-01
-1.791343535984046609e+00 1.735599453988397212e+00 -1.465683614826857939e+00 -3.126631592696423878e-01 4.402084382714973043e-01 1.691336128300669595e+00 5.304483055775144340e-01 4.055309156096931211e-01 9.814220201966791235e-01 -5.255412099085572386e-01 -1.068040449736410658e+00 1.057853147600726629e-01 -1.287103707662289320e-01 6.140171166533933134e-01 5.118767082320896389e-01 -1.085140962396584016e-02 8.999962382979381781e-02 -3.019428603249466603e-01 2.291218629065431556e-01 1.131305473994522970e+00 4.440964731321833114e-01 3.073370333663257847e-01 1.265471242945165331e+00 4.335926781582397083e-01 -6.121649380713182209e-01 1.138027389591564020e+00 1.052196303595824833e+00 -6.439086241324419591e-02 -1.303856544672958861e+00 1.435076944337205229e-01 -1.399025701656072096e+00 -7.834576073923871231e-01 -9.321537363688985056e-02 7.332163219375931185e-01 6.668929982709351223e-02 2.434858499159147094e-01 -1.497465263678535274e+00 1.087380759663311380e+00 8.339863989955033086e-01 -4.635210057181904375e-01 1.034114267984470314e-01 3.765024519759305188e-01 2.166654686751030845e-01 1.500281026497831904e+00 8.544781417803687384e-01 1.057603509364229755e+00 -8.789535353732655931e-01 1.511786452531524265e-02
-1.424679435267808714e+00 -2.159581223111573522e-01 3.704645824482193928e-01 -2.196377435512222309e-01 -3.993923509237815583e-01 1.546350075942718005e+00 1.154221810019176564e+00 -5.165638024770099479e-01 1.636746242462465972e-01 -2.412849939279440470e+00 3.088462363457892490e+00 -1.552105749519409050e+00 -2.151613193463544349e-01 -9.451592109490827287e-01 -5.672843776240812375e-01 -2.032075768914626046e+00 7.148952552753168321e-01 1.828104415191987853e+00 1.494016368711500141e-02 -7.138137022122558184e-01 -7.612152941426796049e-02 -2.252415139699561752e+00 8.854100932289391546e-01 3.752225619940487977e-01 -1.536672088912326983e-01 9.727276357020558928e-01 3.044022256831256712e+00 2.037483457760087102e+00 -7.428847548595063355e-01 -2.917109888410504226e+00 1.566819968787960260e-01 -2.188183161423106204e-01 -1.031247616345574603e+00 -4.108659893451859779e-01 8.489441006006613888e-01 1.581224778074288961e+00 5.538000603828591856e-02 -1.490934290357116554e-01 -1.795256309255406135e+00 -3.607142575021204944e-01 -1.497882261950080007e+00 -6.909903128673000605e-01 -2.620136684705094865e+00 -5.482467650587830033e-01 -6.280291249785293628e-01 1.324533319407880327e+00 1.491050461086195877e+00 1.810740810276910695e-01
-7.228816310511230192e-01 1.121856024180378553e+00 -3.384877392310433608e-01 -2.348043121881019157e+00 -7.971354184793675302e-01 1.038290569627924542e+00 -3.592694175831313563e-01 -2.368068074961079961e-01 -5.267561236134454122e-02 1.419135526422623750e+00 -1.867013053393593580e+00 2.058760735016649246e+00 -2.593591087778490123e-01 4.020188357770773657e-01 6.664883934279466349e-01 1.010019251754649822e-01 7.000657087426197522e-01 -7.551559217543174496e-01 -3.122629367222173880e-01 -1.760255669019726577e-01 5.134161108934708340e-01 -2.188378379427434517e+00 3.392545904935184153e-01 -2.143759398192250476e+00 -2.160733983418727522e-01 -2.635884004645951073e+00 -6.381233169469545663e-01 -8.219395958740580710e-01 -7.332177934639118322e-02 1.224100756571367743e+00 -8.523554182121180212e-01 -7.926610361884245393e-01 -1.699656821057118905e-01 5.423473080766058052e-01 2.640782429470006284e-02 8.658529388186221309e-01 1.331554046255903012e+00 6.321877257185941346e-02 9.351596696552048060e-01 -9.055693620468171501e-01 6.183688969211008357e-02 2.684390051354024753e-01 7.422480900632713041e-01 -6.547018474993943071e-02 1.232619397660030591e+00 2.517134623118481684e+00 -1.735871538526571722e+00 1.509101665083727895e+00
-8.295715843714599469e-01 2.372745665707660101e-01 -1.082061657164823609e+00 -5.697571242147561055e-01 1.687588855092086115e+00 -7.917482761386919199e-01 5.845579468264016088e-01 -1.559824074620307088e-01 -5.784716673842370954e-02 -1.627466259851533925e+00 -8.346121982033930520e-01 1.150265120177878186e+00 -2.213970656650389723e-01 -5.011477508047443852e-01 -2.414560698705497110e-01 4.386016326718747416e-01 2.625793814153535966e+00 -1.157868475344405956e+00 -7.655741722394059368e-01 -7.164287719537265620e-01 8.921160539756348706e-01 -2.196320708363976415e+00 2.127670610555786324e-01 -8.411750116138031474e-01 -4.712972475426083774e-01 1.483441541618682191e-01 2.077060882689864968e-02 -6.494782657832915973e-01 -8.748111433022168759e-01 7.603446285241576286e-01 -9.616949773730203432e-01 1.237229605858075177e+00 3.141823631313582221e-01 -2.015473713361666253e+00 2.237812869322968190e+00 -1.055177221648647690e-01 -1.844513472631902351e+00 1.386525404149891560e+00 7.218112460153024434e-01 -2.762705000463857363e+00 9.124867180026098312e-01 5.338156910058259319e-01 -1.654350645128896291e+00 -1.555732852800392196e+00 5.007692499495981497e-01 -1.325180559544265391e+00 -1.494902062400723930e-01 1.934105009179294399e+00
-6.738725302940071216e-02 8.953839898130115937e-01 -1.008255244805421058e-01 -1.790838341640255960e-01 -9.848137236991663102e-01 -1.224270235977165555e+00 3.175720090916009375e-01 1.743960266603579612e+00 1.265664894272496177e+00 -1.658908979651737781e+00 -4.336706357277460011e-01 -2.281407978702241657e+00 1.104413089882112731e+00 2.368492942338751295e+00 6.898748969802729336e-01 -1.857155789364788090e+00 6.292703571558534437e-01 3.651281276545196852e-01 2.798602680002256760e-01 -1.352536026401091718e+00 -7.285608662127684987e-01 -2.363440999450827640e+00 8.006418159375132682e-01 -1.418671644946303545e-01 2.860311396812907359e-01 8.747939326473952448e-01 -1.294770170619168048e-01 1.765396434353980082e+00 -1.077921218238491630e+00 1.364306475644785133e+00 2.128274242042787368e+00 -8.691696750522892589e-01 6.685422922595445350e-01 -1.024609608211578093e+00 2.796210968458147095e-01 6.158022011417305652e-01 -6.906948628932879641e-01 -5.638541381540081998e-01 1.461320216518920745e+00 -1.664158396100861026e+00 1.017014716863563706e+00 1.379407447481709736e+00 5.608883486938660567e-01 2.260052359555032364e+00 -9.042307316434619047e-01 5.939681234202230931e-01 -7.602063678771460165e-01 -5.159318421825260792e-01
-7.349468917453483296e-01 5.026894438819062838e-01 -9.797068898400719261e-01 -1.905634602646765763e-01 2.382244947520751124e-02 -1.628924739319181081e-01 -4.871281633090908669e-01 8.039120665843924041e-01 -4.081657786057596438e-01 3.620261743590787451e-01 -3.446537020482274838e-01 1.127707383078856873e+00 8.951248538278442357e-01 -1.804906259213870379e-01 -1.700686355182267351e-01 8.021569171714977298e-01 -4.552726690296770573e-01 1.599700226006274539e-02 -8.118914242738798359e-01 -2.987256067616819166e+00 5.040728487413320691e-01 9.898980881454174652e-01 1.554735761304454067e-01 -5.760228084493228540e-01 1.383434596290855190e+00 1.359377678070345097e-01 4.175709547222855034e-01 -1.400636441039769808e+00 5.728507303235499393e-01 3.141249531856105670e-01 -8.550384486157329711e-01 1.229189547940119365e+00 6.259073188950824429e-01 -4.459865263340497682e-02 4.799970770476457566e-02 3.882276668669504271e-02 4.698732258947565382e-02 5.365801280576422139e-01 1.393013396790113934e+00 9.156171713453852001e-02 -6.151113236246548155e-01 -1.996316033618583896e+00 9.432511851013215820e-02 -6.708732426801696791e-01 -9.011441005876181798e-01 4.036319166785367618e-01 1.544711193641642721e-01 -4.892684866624373401e-03
1.663938236481617983e-01 -6.336341745912068557e-01 -9.311178676954710021e-01 -6.960836723768644152e-01 -1.462773449112656499e+00 3.466581746334012615e-01 4.532098952224727917e-01 8.462750992752546830e-01 4.694168201815721031e-02 -1.532898179669053063e+00 5.141420862737099418e-01 -2.095994630757831878e+00 2.029734762687570027e-01 1.745017690657418408e+00 3.635845761118092767e-01 -1.985330243151841867e-01 -7.903483985949800728e-01 2.171634740590864046e-02 -6.191218299181711071e-01 -3.161927897782547681e-01 1.036177860946588591e+00 -1.767812769356507940e-01 -6.917534863814595036e-01 -9.314273639712572495e-02 1.256090462426844301e+00 -5.537578121116869534e-01 -7.895884726538352633e-03 -1.958254660420137405e+00 -8.246487976179771584e-01 -6.898449313728594046e-02 -1.317391867067607136e-01 1.376045641156320998e-01 -4.918523894558656795e-01 -2.224891093497373962e-01 -2.555249947741426553e+00 -6.068643222351364219e-01 -1.314078101989998748e+00 5.805412058719586765e-01 -4.755943705799802745e-01 1.318082097902630645e+00 -1.574283621282849710e+00 -8.905818865006388529e-01 2.617375954691255835e+00 4.458717220728959929e-01 3.976949541536927146e-01 -9.294615012092724005e-01 -6.893019208020326749e-01 -1.171143315947156260e+00
1.392177050870381905e+00 5.615588827533214422e-01 -8.020338366098131999e-01 5.591519788966795579e-01 1.538216284854681815e-01 -1.214263213884392956e+00 5.269093261784260074e-01 1.846970651251914619e+00 2.930956225903955659e-01 -3.919115481958349023e-02 -1.456336141766871317e-01 5.565489885586498708e-01 6.105827907609628902e-01 1.177595185169758585e+00 -4.877267659173408210e-01 1.508175834710264507e+00 -2.028588111967911001e+00 1.944192678426701626e+00 -4.011397737177953560e-01 -1.763470100672569929e+00 -3.250286109761605924e-01 2.029545510910891970e+00 -8.967879242501394788e-02 -4.377342689393575181e-01 -2.482969147493604978e-01 -1.413231358843526908e-01 1.250288738825849344e-01 -9.769636435239309469e-02 -1.335078614718230527e+00 1.222186346113982358e+00 -7.486565262906739182e-01 -1.358793459102721535e+00 -2.620966344186655417e-01 6.427800426247949339e-01 1.953409629917601587e+00 -9.771391346973469227e-01 2.917391288430414287e-01 1.265962682315617815e+00 -1.388002687585269790e+00 4.846339700075937840e-01 2.708961567073686280e-02 -4.195800560570645543e-01 1.338131812150936906e+00 4.106852402668712543e-01 1.285714229273993592e+00 -1.004466215152486352e+00 -2.484048713614410431e-01 -9.674658534917397468e-01
1.275706354482428528e+00 4.689182290452798552e-01 1.237732111241299116e+00 -1.493333409790132960e-01 6.893763779136201642e-01 -2.723961142334774821e-01 -4.863020848558436415e-01 3.286938410402113764e-01 6.444126081936911721e-01 1.686695411569058001e+00 5.422437505015008652e-01 3.741728281518009736e-01 1.649627637565766358e+00 8.238113637949245893e-01 -3.430969660139747690e-01 2.945236690998789708e+00 7.932781602072510596e-01 -2.174814699009482322e+00 -1.099591928862851953e-01 8.525124479886070361e-01 4.473280377870794688e-02 -5.757753364108805783e-02 -1.201658288010397868e+00 3.733874295383055042e-01 1.373808217898189854e+00 3.210735092078513264e-01 6.855450644848707364e-01 -1.201345041963870708e+00 -1.986466175386920607e+00 1.420643023217783574e+00 7.067856966691321574e-01 4.550329217451173219e-02 -6.060589606213420133e-01 1.194301309662062716e+00 3.782682620304895216e-01 -2.323189191093557149e+00 1.198628744428292148e+00 -5.938275573676986552e-01 -2.136086082446851386e-01 3.076201100928298349e+00 -7.676199686771386643e-01 2.312909602515213492e-01 -1.365687980263977863e+00 -3.817597721261858368e-01 -7.212669540156436687e-01 -9.877807285464177411e-01 -5.428444254126479906e-01 -8.555893449496636549e-01
-3.579919326276386204e-01 -2.588375793198165464e+00 -1.555816530184524552e-02 -5.466694174188972966e-01 -2.581543667840913714e-01 1.329191833477487483e+00 2.894219498575580363e-01 8.900400667703609603e-01 1.437119438062478549e+00 -7.692223288888809796e-01 -8.938779071066222937e-01 6.881490586150348365e-01 -7.242917376614051994e-01 8.174431185489348106e-01 8.757854685314211407e-01 7.450034282787516560e-01 2.285093188898527750e+00 -2.345508026427986781e-01 -3.052342547098085834e-01 8.819335882255217030e-01 4.167763730626189989e-01 -4.121554060641757222e-01 3.154868834527039256e-01 -6.418122016310917610e-01 1.124015982707903816e-01 -4.910815420975815915e-01 1.483646987966448672e+00 -1.550835532433493813e-01 8.635119464993299410e-01 -3.319490224238039744e-01 2.189074466607335012e-01 -7.447330101648192979e-01 -1.345518883452681669e+00 -1.477228760459166068e+00 -4.655801892281716259e-01 1.093738553382881173e+00 -9.591337429635969913e-01 -4.315896155320887023e-02 1.209365026165530654e+00 -2.610361532626079284e-01 -9.684423950271288106e-01 -7.863595811618198095e-01 -1.778851565606273943e-01 -1.392131654868431268e+00 -3.678964027211347187e-01 1.283142285287354412e+00 -8.798425116780746180e-02 1.321920593010985356e-01
-6.328216378869296836e-04 -4.414955980289074766e-01 -1.835058697070203748e-01 6.556190374446184688e-01 2.040949312152446071e-01 -9.514817149201499902e-01 1.811640072638560861e+00 3.957828294631122734e-01 -8.179496480873906794e-01 5.043403543105106079e-01 -1.000587456247673951e-01 -6.847372869246511895e-01 -4.750416208246001637e-01 -5.779961132991835449e-01 -2.994954352363403682e-01 -1.108257583176363914e+00 1.404849494659907050e+00 9.794757448774719932e-02 2.155154961877948083e-01 1.416250114932726012e+00 1.612016285270579719e+00 -1.583414162649609658e+00 8.345922001652494870e-01 1.044584594139056133e+00 6.116102700976976392e-01 -3.379761027526604344e-01 2.386639844600180194e+00 6.831094296776304420e-01 -1.458531560026605556e+00 1.754061692116066773e+00 -1.330677881264214157e+00 -1.023020562084832719e+00 -8.285606413436853446e-01 5.447311944972819120e-01 7.502131045286698496e-01 5.947043607417086264e-01 -1.318372939728956972e+00 7.029958445949348045e-01 7.257410648478561654e-01 1.888937314532833200e+00 5.560446619630486816e-03 -1.009094484384015944e+00 -4.460313002568886964e-01 -1.149462774995152925e+00 1.483221012679341699e+00 1.844760564853834273e-01 -5.170537068939683456e-01 -1.428533654190969227e+00
4.899685446996830396e-01 1.311726791511427903e+00 2.012871038091902154e+00 1.100589823939643885e+00 2.594884882569680751e-01 6.614961731153319313e-01 -1.892116023019561721e+00 -1.175483669669364462e+00 6.556236729614136616e-01 -1.373219449784514323e-01 -1.218147775919715903e+00 2.957467156774741257e-01 -1.279419786702725714e-01 -1.894993297895292139e-01 4.586732014984541972e-01 5.770163768656000336e-01 -2.774786707058241486e+00 4.271325314600787348e-01 1.248092672272338666e+00 -1.785136326980087285e+00 -3.528897809670977770e-01 1.335670856904898729e+00 8.096708013186771913e-01 -1.330315406758096008e+00 2.039771990347886810e+00 -7.615543530538214645e-01 -1.096068747568918145e+00 7.653246989426177108e-03 -4.771777537270556757e-01 2.718554645728465058e+00 1.323440000192398214e-01 -1.976901143773085012e+00 -1.516292350275889378e+00 -3.143705105729826532e-01 -7.141607750188554427e-01 -4.627157178495201473e-01 -7.925592586461056577e-01 1.315056202723133172e+00 -1.932818143600188721e-01 2.834023900629913495e+00 5.798675379524247386e-01 -1.469953256136129705e+00 -1.541772591532398540e+00 1.538560756228829485e+00 2.503464574736666393e+00 -1.234598134073398690e+00 1.650188787245154609e+00 -1.709582437483089024e+00
2.481638150196411097e+00 -1.263572071248323381e+00 -6.545012821485706178e-01 3.256278478946349475e-01 -4.862111421819790280e-01 -1.058274164343316448e+00 1.095983254900581683e+00 8.123253630658219260e-01 -7.620260424020065537e-01 -2.552737841206357494e+00 -7.988004730212684423e-01 -1.912442402750957227e+00 -3.134039471471635752e-01 -1.390197994117233771e+00 -1.811218464645696080e-02 -3.600113335270692660e-01 1.574231194785721044e+00 -4.077774468270977670e-01 -1.555115374352256330e+00 -1.074499545172507897e+00 8.652311827910874609e-01 -3.247106742991373585e-01 1.014342401411586936e+00 -9.275978713381614060e-01 9.938028088298889173e-01 -1.426815926075007956e+00 1.190061325644684365e+00 -8.274708454063930407e-01 4.440835593636083267e-01 -2.231414935605742222e+00 -1.325475063219694993e+00 -1.178323529942201686e+00 -1.221460386400917697e+00 -1.195701449720386389e+00 -1.961732615488980536e-01 1.733527742937809535e+00 -3.348097459296726086e-01 -1.247605116075387599e-01 -2.297139164066259287e+00 -1.637752560929435885e+00 -3.373251923783514794e+00 -4.373550307173517671e-01 -5.805446335871644603e-01 1.213999537380905033e-02 -1.631954307004340299e+00 9.800543414671127884e-01 5.652048872636299404e-01 8.969434169372840771e-01
-1.005097368320206908e+00 -1.858901359668386100e+00 -4.129071634727008999e-01 -9.112004189791630404e-01 3.400706577184318125e-01 -1.343896467509850257e-01 1.953908392042649766e-02 3.813566439733251379e-01 2.768347835494257003e-01 -5.271565801274771257e-01 1.501023678198148081e+00 -8.680337979547371186e-01 1.096662930115202217e+00 -1.502685583936132385e+00 8.402095690844333387e-01 1.693381993273080699e+00 -2.195698986263536323e+00 -1.554222684911934937e+00 -5.134258886248129622e-02 1.431241265484636538e-01 -5.471666724891576239e-01 8.732684323028220286e-01 -2.744100179666606465e+00 -1.606610460629585457e+00 -2.124532047322839734e+00 2.760629600230892211e-01 1.816574949130005390e+00 2.178373738073462462e+00 5.304510163812762302e-01 -2.717262626414329030e-01 -2.207030767208426614e+00 -1.669891648860272415e+00 1.010658357140545860e+00 -8.243176827631343295e-01 1.376416155891139859e+00 9.160539882033597037e-01 6.947372087036086663e-01 1.198870917505094447e+00 -1.040867389957741862e+00 -7.526531305332222477e-01 -1.274916555375447680e-01 5.909686036335333181e-01 -9.633935966898572456e-01 1.598752668439913815e+00 8.714251052536826636e-01 -1.712000857090519412e+00 1.333435502666488803e+00 1.411800141084026183e+00
-1.261398589083177812e+00 3.578999624288528025e-01 1.009090696307667345e+00 -3.603280057250479035e-02 -3.360858769612797697e-02 -1.374926273043365565e+00 -1.992288898603616021e+00 2.796999391356175257e-01 -5.767602297636069686e-01 6.525582286355405826e-01 -7.321583722653199344e-02 1.520453089661732093e+00 4.818349474286264256e-01 7.349512737212955393e-01 7.106657965248168729e-01 7.691360033490651782e-01 -2.369025273225738026e-01 8.868042280797679977e-01 1.972245643115321689e+00 -8.863217021055349587e-01 9.145507935724203064e-01 3.651398676959712875e-01 1.302881218305993904e+00 -1.635898377000992721e+00 -9.796538050296071942e-02 2.406800076906801811e-01 3.097652817698806627e-01 1.305126668498132192e+00 -8.693246815195482258e-01 -7.467506197546868174e-01 -2.514323869469262451e+00 -3.020589749635342880e-01 7.421937527372601817e-01 -1.945205536092228904e+00 1.854187517878335134e+00 1.088013024793892836e+00 6.038289524633447813e-01 8.409241884068290040e-02 -1.215205634844523930e+00 1.018129871664323893e+00 9.236721473055004017e-01 -3.481794575655523971e+00 -4.869196526690434124e-01 -7.166962745157101633e-01 -9.914275187872844119e-01 1.104789191419808914e+00 3.130237026988654248e-01 -2.195003681186603384e+00
-3.745655925982422363e-01 7.376301860067080440e-02 -7.494488314235056570e-02 -6.330701965139639009e-01 -3.553185832106769970e-01 1.587745635207925554e-01 -7.751896895726879677e-01 -2.080124241029978727e+00 6.909876367646279327e-01 7.240126301442295631e-01 9.897598342375102387e-01 3.489146782184139872e-01 -9.837862775698986706e-01 1.374396015888981193e+00 -1.051945708370692900e+00 -4.730350342768319116e-01 8.463747112366440950e-01 -1.045835935728870236e+00 -5.955913552488277807e-01 7.354354966748475331e-01 -3.427912482577281650e-01 -5.161849461877201506e-01 -2.103423306525166403e+00 -3.535212410639075875e-01 -1.591402219611077307e+00 -1.745652920030524635e+00 -2.193683608186491191e-02 4.452989618608459987e-01 -6.842851600916848298e-01 1.185701725062642486e+00 1.467550436191982000e+00 7.014887360941404193e-01 -2.225476312264320355e-01 -1.003239569464273173e-01 -3.401587899076877752e-01 -1.311160917161494854e+00 4.032749165711729117e-02 1.666383435241468813e+00 -1.532524548381133389e+00 -8.729403459944398147e-01 -5.627653640266521151e-01 2.146038893559979233e+00 -5.866459805961719010e-01 -4.271944509319390293e-01 5.401883058466716570e-02 -1.770903262074303486e+00 2.201324106236433042e+00 1.091425701351654176e+00
-2.781135303280615201e+00 -3.078360543147396822e+00 3.688934928559908788e-02 1.570841430665419036e+00 -6.764149617544853443e-01 -2.076330533697312575e-01 3.195739068081676626e-01 -3.229912891720260748e-01 -1.347345260874681205e+00 -2.762744500235122747e+00 6.340829778604170075e-01 3.457337143853671524e-01 8.689449628581114027e-01 1.501542703668790724e+00 3.418904696415820954e-01 1.305796469414660099e-01 3.040493037767689199e-01 1.110013955536545360e+00 2.011036431686366921e+00 1.479441780844770848e+00 -1.503664184810255433e+00 -1.113320497238763085e-01 4.520018598308304658e-01 -1.603460396206996874e+00 8.473292668125015359e-01 1.444819182086709286e-01 1.520964711137507752e+00 -4.517151522224859828e-01 -5.021657935776060273e-04 3.727427744739715276e-01 -1.723722792617718547e+00 1.238556845642236753e-01 4.918163503896900157e-01 9.411361056539595538e-01 3.200141551891936276e-01 -2.310866733727386449e-02 -1.416293495290321669e+00 -9.460596973684082256e-01 -1.189768277585041334e+00 9.743619784626255109e-01 -2.299287067387909556e+00 -4.918334083106838950e-01 -3.419645236644019426e-01 -9.283413621120915893e-02 1.727163330756777693e-01 1.113011058377465917e-01 1.575495457253302256e-01 -3.471243393769389285e-01
5.942985055389422566e-01 -1.509866367517980867e+00 4.051312686883791203e-01 -7.217863060609795989e-01 -1.135558532215106275e-01 -1.588342037699576048e-01 5.433570092716401012e-01 7.362558727055280583e-01 -1.025599113009291186e+00 -2.044769725101263980e+00 1.142193490840075931e+00 -1.365692377634122767e+00 2.558991740310700536e+00 -2.087676780616171679e-01 7.582587836447415297e-01 3.828920824168119408e-01 1.431850997717017515e+00 1.094105624118892450e+00 -2.499880422400996949e+00 9.223751691819759291e-01 1.340869110209322645e+00 -8.864537720521138420e-01 -8.230616806559346577e-01 -1.447752586948751308e+00 8.425105435430424450e-01 -1.050910662550308627e+00 2.996931663870235352e-01 1.609091102530006756e+00 -5.563242088517195150e-01 5.620182610894491892e-01 -9.393270360910550565e-01 -1.027595426194777284e+00 1.035929347388083510e+00 -6.072467218974646475e-01 2.535774884916660588e-01 9.344182269298745291e-01 1.613537717434085916e-01 -1.647629455123618580e+00 -1.661459921343371837e+00 -4.225495738167192421e-03 -9.174882028977976445e-01 -8.492398236758122998e-01 8.241623163016410514e-01 -1.355521893594495930e+00 7.540334427641857129e-01 -1.165531525170478311e+00 1.041346425482265525e+00 -6.880952012669888651e-01
-1.552729445983238810e+00 -1.336196911134602594e+00 -1.781694802292530078e+00 -2.161784954943990755e-01 -1.088557302394360660e+00 -2.151715574547713172e-01 -1.354632665908357625e+00 5.760681988120116559e-01 5.651551912772202479e-01 -6.365284083789508607e-01 1.121838545265785747e+00 2.582863375235805226e+00 1.665599867880526386e+00 -4.819115193863823809e-02 -1.967656031477001966e-01 2.578991839417190679e+00 1.189483872686447175e+00 -1.212905844216215279e+00 8.064450492987608188e-01 -1.176168399268010090e+00 -8.003538144527749809e-01 -1.440909084890443115e+00 5.412894724777256306e-01 1.430921381945424509e+00 7.109253451092363285e-01 1.111823622145470480e+00 -3.237615361626767996e+00 -1.082042446380885536e+00 -5.953717966340786871e-01 7.383601567383157871e-01 1.843740791505388277e+00 -1.638281316604821569e-01 -4.913306330105743358e-01 1.056752317519855211e+00 -2.489414854842686153e-01 -4.638799640417226033e-01 -1.112096734383796609e-01 -1.391618058123664792e+00 1.224311043252068520e+00 1.942364982768616244e-01 -8.147426438322246112e-01 1.420428660582126745e-01 8.403459567981944600e-01 9.728132358465302332e-01 9.506719873496670692e-01 -3.828389272498392559e-01 6.780390623664254157e-01 -1.273546106562195135e+00
-1.913522870876176729e-01 3.247956141504469985e-01 -5.892694477390771901e-01 -2.500818530512069593e+00 7.069017728704153347e-01 -2.091714657857086379e-01 -8.757771564097790451e-01 1.199556435412759470e+00 -7.725505843274834694e-01 4.969514173678419300e-01 6.830130386438266754e-01 6.529777745145901591e-01 -9.308671176135880909e-01 7.905234604767260587e-01 1.375423821900752852e+00 8.544264864059696318e-01 -1.612048724113443132e+00 -1.510066266816183500e+00 1.998230251709648408e+00 2.306028603253592379e+00 1.191366058826839325e+00 -7.503306418280747403e-01 -8.504445197035008785e-01 7.497002380277574263e-01 7.420061546079432802e-01 -1.290700367119978820e+00 2.231762944432829521e+00 2.094098088316239115e-01 7.153204560543064972e-01 1.580007793369690550e+00 -1.892025557303039784e+00 -1.764773756696006890e+00 2.136719277538534287e-02 1.431753890482580838e+00 -7.039305764153239720e-01 1.300235994475434698e+00 1.695243909224759093e+00 -7.629358372689160929e-03 -2.764009374076288883e-01 -1.338723397349311561e+00 -1.417372692266442691e+00 1.575398700958973608e+00 -8.584398819170657724e-01 2.051838814196656813e+00 9.736526735281521017e-01 8.664210269057029956e-01 -9.330957161815562895e-01 1.167939280389673762e+00
1.173890838769901190e+00 5.984690995570302041e-01 1.040271829503389422e-01 4.238106129007535583e-01 -8.246220154669360314e-01 -2.450631096090883254e+00 -2.925107162097847269e+00 9.042714483056168984e-01 -2.503560583196544620e+00 -3.483622169117310374e+00 5.839491090073941626e-01 1.491976755544138777e-01 -7.130972961442495484e-01 -4.668003577049179009e-02 5.899935151749590156e-01 -5.720005387017826903e-01 -1.952876384888376504e-01 -7.702711772279087210e-01 -2.900982331253245672e-01 -1.256955291778223849e+00 -8.204081288899535140e-01 6.259838189742225611e-02 6.114080074260096476e-01 1.612534631871612278e+00 7.107248208288945435e-01 1.801035370126767010e-01 -2.073315663203658232e+00 -8.439996151790120082e-01 -1.769030892868988403e+00 -7.503913860948747960e-02 -7.398526506556355464e-01 -1.577632409646205769e+00 -1.745398897879314737e-01 -1.455013849062786413e+00 1.009298369807253959e+00 1.987029049088934185e+00 -1.699224441160889776e-01 3.810329031858658011e-01 2.008731677173026586e+00 3.806706615445650810e-01 -1.084469192131890525e+00 -4.309858419213277725e-01 -2.129594123232447789e+00 8.704814592785488081e-01 1.347246637632971478e+00 -2.687807509353835833e+00 -7.415573210159435991e-02 -3.105799855679054478e-01
-1.004366086348429110e-01 -8.719635539257546419e-01 2.123802168353811637e-01 -3.940727618369976870e-01 4.718492214990931133e-02 -6.827312034852180966e-01 -6.196259913197855740e-01 1.525095989412186714e+00 7.444903827496559545e-01 5.078879313698902997e-01 -8.952462452140826921e-01 -1.334178101439873032e+00 8.524980996563991109e-01 -4.609705936706773866e-01 -6.154180571635126107e-01 1.549221154364885944e+00 1.623411028042537119e+00 -1.222333039997011372e+00 1.062537838282863190e+00 1.100880586890437884e+00 4.997281744625869382e-01 -1.219544840627155402e+00 8.392321804683052777e-01 -1.760916916652408126e+00 5.714995072004709353e-01 -5.630419508985465282e-02 -7.538811558906164390e-01 5.648666227783478710e-01 1.024846097008198731e+00 4.696779131257708961e-01 -6.142079077568990408e-01 -1.716383880200981427e+00 -2.109157347658255632e-01 1.492862102972604577e+00 3.821049889683862943e-01 -2.077246692114478877e-01 -2.177645366952945860e+00 9.888037595056001772e-01 -3.706131487670286107e-02 -1.666391573145291627e+00 -2.021844556833132522e-01 1.244138358136321232e+00 -4.537909003687402576e-01 -9.901131110768504606e-02 -6.280655504222996954e-02 3.516171953088429447e-01 1.611388479059307821e+00 -2.177708848904049421e-01
7.097242825574544556e-01 -1.064072967641100376e-01 -2.695479018116068382e+00 5.971631904387503242e-01 1.014544959058252815e-01 -5.174195199485347452e-01 1.368851628472290916e+00 2.777254644600602340e+00 -1.905421866302072109e+00 2.557143729496572648e-01 -1.480601685079671048e+00 4.182368744399721505e-01 6.544580010020392136e-01 7.435650668442854716e-01 2.260896529820235035e+00 -1.541538419395673376e+00 -4.479552212085074481e-01 3.160753435019428625e+00 -7.776022819457272250e-01 2.952696366914213666e-01 6.340186983863644876e-01 -3.805943641983910997e-01 -7.562548044922009494e-01 1.571915073078284930e+00 9.334673673033809793e-01 -3.680577524627962060e-01 -1.163854393386945102e-01 1.694974014262214279e+00 -1.825605820242988342e+00 -2.829029793511060875e-01 -1.554231282342785070e+00 -8.720058933871540630e-01 -1.363571360495182683e+00 -8.276292335186932192e-01 -1.336081608764096984e+00 1.287946417294418389e+00 1.525393148782516306e+00 1.155502512841884544e+00 8.237506050173526440e-01 3.789791064501871198e-01 1.058222287304362297e+00 -3.006758822778011986e+00 5.844379063377632688e-01 -9.706705199875180490e-02 9.910678326016956197e-01 1.877429408381938725e+00 1.142942917631000643e+00 4.869777849179246498e-02
3.807139900729725746e-01 -1.349547887262323997e-01 2.237693708395263603e-01 -3.860419277883057054e-01 -1.431597016349737794e+00 8.161870819895244988e-02 -9.130297352846865333e-03 1.135359782965322112e-01 1.538198259457536909e-01 1.368123152274357768e+00 -1.321521496768094661e-01 3.739965526940503548e-01 -5.588945001473569762e-01 1.652002270905285064e+00 2.332228873951157633e-01 2.968205101725202022e-01 1.868578983611105304e+00 -1.449030189993002038e+00 1.482173067326152394e+00 -7.941610504030846007e-01 1.309570771186229221e+00 -1.008980103862638922e-01 7.893237600174646262e-01 9.444073429441893763e-01 -2.735609858156104579e+00 -1.452013224713053274e+00 -8.082582621754297314e-01 -1.174980304408895559e+00 -1.784481133680491549e+00 1.757919161212996295e+00 6.183317302011821504e-01 1.675033396675335295e-01 1.066004655862979600e-01 -1.693306361128635862e+00 -5.963326929595842429e-01 9.421724202127028684e-04 -7.724315159055489266e-01 -4.335588248096294839e-01 1.593394056874020137e-01 -7.788006478529407861e-01 1.105127236659609657e+00 1.224707425808826189e+00 -2.052112468465857376e+00 2.056314261077790029e+00 3.010035221015271434e-01 -3.531768854572748806e-01 1.774087815452111971e-01 1.044766541261872295e+00
-1.871527947894439103e+00 -5.864151559144732406e-01 1.031402585971119779e+00 3.287533961713206554e-01 4.636109914077867211e-01 -1.593489160803310156e+00 -5.912209553528883221e-01 -9.881059816043470390e-01 2.795667131799301486e-01 -2.561093650663882837e+00 1.210256447891966958e-01 -2.290416306811423469e-02 6.295827996626868206e-01 -2.355944612180248254e-01 -8.521021235086451151e-02 -1.226742619004253104e-01 -8.329249956856036308e-01 1.333422016271540445e+00 -4.212619689801991307e-01 1.188059763796520230e+00 -1.703262506376299834e+00 1.306060751352554838e+00 1.820657590999837261e+00 -1.099800870786012075e+00 -3.115032795167260726e-01 6.076713037109172655e-01 -2.858372283135410807e+00 -7.647238545185220948e-01 -3.285741850019827104e-02 1.038995129043343679e+00 1.113238965273934067e+00 8.999112921383495278e-01 7.130965174288933506e-01 7.092391303847470629e-01 5.958081492323793471e-01 -1.062513653849592066e+00 -4.977439338701817317e-01 1.046685057697260002e-01 -1.033613616985722627e+00 -4.523025541526965454e-01 6.147365679031475266e-02 8.259404577053924834e-01 -4.450921761187929260e-01 8.783463088965975940e-01 1.821692180051408760e+00 8.777293278730084400e-03 -1.530965932101810756e+00 -2.324802305473998576e+00
9.897745610103374503e-01 -1.508111645655441091e+00 8.238979925384319614e-02 -2.302517089274958018e-01 -1.012369191752312769e+00 -3.289574579276295652e-02 5.004899191454370566e-01 -7.461092297809351903e-01 4.598467022597517162e-01 -7.994890329156630893e-01 -6.840981198507266603e-01 -1.445846578672428384e+00 1.302894285589461520e-01 1.499105769891178719e+00 1.423293103862013076e-01 -7.172729712782998091e-01 -1.936163847242777791e+00 -3.498336770984313837e-01 -1.158416195714768504e+00 -1.106114098943859897e-01 1.176404362800261172e+00 -1.080821704221803570e+00 -3.567441878298145408e+00 4.638015538235454316e-01 1.233098002305498930e+00 8.804467544513848720e-01 7.528491038898528220e-01 2.331312099504373458e-01 -1.422348009094457577e+00 1.078912312189560740e+00 1.602461513306814300e-01 -1.370591030267341415e+00 -1.331775406823124897e+00 1.587391362906848680e-01 -1.921026694000499413e+00 7.083981641393368722e-01 -2.757800136620469078e-01 8.570973176309007457e-02 2.697919296846299275e+00 7.146681630786706485e-01 3.325234014791091930e-01 9.180114256023104158e-01 4.473046174748906423e-01 1.352001723294260271e+00 -1.536618521315847641e+00 -7.206117459698552219e-01 -6.936839802152606760e-01 7.484264747096207593e-01
-9.847368267644285300e-01 -2.111014454942907737e-01 -5.759931509854834264e-01 1.595852326208780925e+00 -3.080922877525324108e-02 -3.861409049701257368e-02 1.497467518056533109e+00 1.839259650435392635e+00 5.381667345973983885e-01 -5.028209365401609121e-01 -2.586954078732854323e-01 3.874195953179866009e-02 1.424822000161868552e+00 1.338034096194177014e+00 -1.409891889138208398e+00 1.433397299880469211e-01 1.500556582560569119e+00 -6.398791717060746675e-01 3.993010920892210991e-01 8.941903905613234338e-01 9.632644364028919437e-01 -5.545814436928275803e-01 2.375500579567426662e+00 5.118841650643023156e-02 -1.097637681708314439e+00 -5.170717953624532903e-01 7.348722432863371568e-01 -4.002598063130138328e-01 -1.220430008765056445e-01 -6.223400855354676436e-02 -5.549149729380968843e-01 -3.411267386377345723e-01 -1.027455433411833097e+00 4.622729608979515015e-01 2.995581808478463559e-01 3.521009166590702288e-01 -7.090907479391173052e-01 6.702673170917247125e-01 6.585035254671882665e-01 -1.170021596861935631e+00 -5.334957500303884048e-01 1.056194525201253231e+00 3.854204609955393934e-01 -2.799374440894998872e-01 1.320537886804177052e+00 -1.080631796563644276e+00 8.942105347551215777e-01 -1.151014254251201852e+00
9.037894754937294550e-01 -5.747238412756650733e-02 -5.430213648174474217e-02 1.394577191794748261e+00 3.853739859045086091e-01 1.117647694384226842e+00 3.404208492370765504e-01 3.179477984759545572e-01 -6.803869207723802770e-01 1.431009334506583963e+00 1.725452963295373676e+00 -2.778251354210495849e-01 1.039211900884645434e+00 2.101197616003149804e+00 -1.971058745712938043e+00 1.003533743545431234e+00 -8.146574034506999240e-01 -3.208687324214222758e-01 1.441372377031493901e+00 2.383505658459564025e-01 4.029589126048951919e-01 2.603458691616758469e-01 -5.717994134524619909e-01 7.710043660607028837e-01 -3.312826082199010758e-01 -3.436003316142993147e-01 4.465045543101738845e-01 1.505516806583591105e+00 -3.985011769246547542e-01 7.883916718056377393e-02 -5.591852264576756548e-01 -1.681548205920740502e+00 -1.738509598113586518e+00 1.380363713721949326e+00 -3.175808080766336916e-01 -1.300369861823637896e+00 3.576285207286706291e-01 6.208760780940437707e-01 -7.252551352146755503e-01 8.654330722992987779e-01 -1.506894950277507750e+00 -7.799217099899513617e-01 3.971652240716776472e-01 1.646814814049430975e+00 1.264581989713678967e-01 5.466153617186433333e-01 -8.449107757574141342e-01 5.956039739882493800e-01
2.564786904181231564e-01 2.484131865615617218e-01 1.057052953260104039e-01 -1.087047028888273648e+00 -8.740566528988327200e-01 -4.637111310364087635e-01 -3.260949637342953622e-01 2.538717574387484022e-01 -1.452823933871100426e+00 2.020339992561761000e-01 -3.291122839157430424e-01 1.436777065907901274e-01 1.759655681702072760e+00 -2.547045972168856531e-01 -2.911629289322099190e+00 1.787821352537828923e-01 5.658217747188186708e-01 -1.569828927983090150e+00 -9.628698573785696713e-01 4.825098678681269404e-02 -5.334273419960138263e-01 6.880241838544556288e-01 -2.884226196557576838e+00 -5.009261362046319999e-01 2.208706298740376273e+00 -9.648424429449914408e-01 -9.527773711824875091e-01 8.210737784441743958e-01 1.353082913109573848e+00 -6.504481863317064239e-01 1.186355706595708215e+00 -1.099204861168671332e+00 5.629116467345993691e-01 1.860748530804539058e-01 -7.933027926983886591e-01 2.119636628260068267e+00 -5.935189191374249384e-01 6.964219515201957034e-01 -2.420132542105712048e+00 -3.497675498117938098e-01 1.050618884394387331e+00 1.898003102363843730e+00 -1.747396672548632290e+00 -7.701863595150411079e-01 1.562398892362974134e+00 -1.511260476919122908e+00 1.062941907613086157e+00 -4.350078600244108862e-01
3.263159441550718132e-01 1.173453903496468609e+00 -7.498296808444761263e-02 6.041810989618474625e-01 -1.243493251277362877e+00 1.216754562421482166e+00 3.238826005026908539e-01 -1.075253085336358716e-01 -6.719032558397295407e-01 2.727008775973678301e-01 8.618005479935108015e-01 -1.360678780726757076e+00 6.052820772722135034e-01 7.990448334977515721e-01 -1.924307352619636813e+00 7.113133376730811364e-01 -9.843334249535693470e-01 1.988652894810069571e-01 2.493426052703002771e+00 -3.064811527250165812e-01 6.030043475576107870e-01 -1.880222165656839917e-01 -4.177866403274826390e-01 -3.124897151867828127e-01 -1.441441833339486001e-01 9.700062106460423106e-01 -7.587767485060789019e-01 -6.938654760070287475e-01 -7.170773062052747671e-01 -1.609008566052460454e+00 5.206956498539409006e-01 1.076312033479025487e+00 4.288742134414654794e-01 -3.163328411474617408e-01 -4.615871218271048737e-01 -4.922876041261562419e-01 -8.635655528520191915e-01 -3.165699372407524415e-01 -2.593184734826512461e+00 6.553860491974783375e-01 2.203741914581789363e+00 -1.747543549165291088e+00 1.820656170647834138e-01 8.359953425840744856e-01 -1.290643740347538149e+00 2.608789268515644411e-01 -1.680057461600525270e+00 -1.175816234671477334e-01
-1.049889172074414789e+00 -6.065228674845749568e-01 -5.571008964574667433e-01 1.519426479639068850e+00 -1.156684660168890932e+00 -6.413645204728812832e-01 -2.179675860666693499e+00 2.046451868868868484e-01 -1.595534750822789505e+00 -1.190041412412051303e+00 -4.734054231289269166e-01 2.108045099538150835e-01 1.907377384553371025e+00 -4.016210092513228247e-01 -5.823564868916816240e-01 -1.115762872896158608e+00 1.551434976091627949e+00 -7.470067270476409282e-01 -2.350811489929615500e-02 9.335395453953235778e-01 1.010312026047369693e+00 3.027672056941549616e+00 3.053036338019529339e+00 1.407667058260357873e-01 -1.590188053211140928e-01 1.283620886094503755e+00 9.135506629116382227e-01 -1.865682490154626227e-01 1.495909902411099113e+00 6.170165014097448442e-01 -6.628117168462296926e-02 1.068201193001832028e-01 1.095430180252660035e+00 -1.485052566129387630e+00 5.631827300835143824e-01 2.212594139877005261e+00 -9.689692266805198795e-01 3.587901838924976994e-02 3.659367265201359798e-01 1.159424188930854749e+00 3.516679452293589025e-01 -1.146403461690726822e+00 4.018940413517828047e-01 3.946124357957177531e-01 4.263007079765950835e-01 1.263118563404963757e+00 1.183608425835316891e-01 -7.066623538235144997e-01
-4.819319359199979169e-02 4.258687327052146365e-01 -5.872225186081889148e-02 -1.618163245229253533e-01 -6.576630653605824994e-01 -3.380798684516936325e-01 -5.151977656307658027e-01 6.766921121060290867e-01 7.009452185352192362e-04 -9.268488239678590590e-01 -4.904979117881971828e-01 -6.623849330901065979e-01 7.014386326969273000e-01 5.274159210474267390e-01 1.541633296841574408e-01 -1.605350779554513663e+00 3.547986491451295132e-02 1.043543843877989818e+00 -1.062042613906131416e+00 3.028723815517583295e-01 -1.479878428411214086e+00 8.655053856190196848e-01 1.930438069801695633e+00 9.882238036032026107e-01 -2.302683377156717892e-01 -1.248168028689624620e+00 8.583795543914544135e-01 -1.549625564075741285e-02 -1.006095969116476585e+00 -5.275820728183824304e-01 -1.215474261457757388e+00 -1.113269243188668017e-01 -4.971205409885676718e-01 8.245664425689909205e-01 8.537801580513521005e-01 -3.344626666400206672e-01 -5.565892400197478551e-01 -6.792144058224998115e-01 -2.017217596312429473e-01 4.046630407220478398e-01 9.985236179445912130e-01 -5.742301110784217566e-02 5.040247022801966903e-01 -1.167125276724712890e+00 1.564679613068671094e+00 -1.497467933940198170e+00 3.464752729977870205e-01 -1.993283471624606451e-01
-5.301620031417358936e-01 -1.333286042476730549e+00 -6.039131905543894119e-01 -2.814031722148839232e-01 1.434179282425344981e+00 -2.018180795739643152e+00 7.559254118765689201e-01 2.011656761135039329e+00 -4.316778279405746321e-01 6.259172220525406338e-01 -1.896747349082424261e+00 -5.695649778404707764e-01 1.847595626351305198e-01 -2.711775066994342454e-01 -4.355436725144224558e-02 1.221999334664801040e+00 2.308610345641233519e-01 -1.647546496808514283e+00 -1.752738756470046511e+00 3.695732651933345547e-01 -1.048122872813128215e+00 4.525322387187277751e-01 7.299157874258780376e-01 -2.963209596916953625e+00 -3.970857578759115492e-02 -9.314834602399894026e-01 -1.067926870663363115e+00 -2.618940398184903096e+00 -1.801001460210168048e+00 1.433633111887655520e+00 5.796874129946636423e-01 -2.292835472034073785e+00 -1.708321567853259726e+00 -1.208572406425285850e+00 2.619581129848409518e-01 -1.716564926190732532e+00 -8.596287841449675726e-01 -2.245755737000610930e-01 1.646151968972022095e+00 -1.086510415749808667e+00 8.815827837378815701e-01 1.660863181437208513e-01 1.264146442201581788e+00 1.773705995647099076e+00 2.919033332012184734e-01 -1.538724773757913278e+00 6.684182307486251640e-01 -2.327572795224873980e-01
1.301655046992021170e+00 9.587550214632553081e-01 -2.925044879547128440e-01 6.460657928552150375e-01 -6.588554802251385123e-01 -2.880288510714453798e-01 1.738785932997654327e-01 -1.677060242141396706e+00 6.605569958866174263e-01 -3.196929752954501547e-01 7.748993276452024181e-01 -8.594562855648967270e-01 -1.726906049855750691e+00 -1.427820921867156700e+00 9.739033742384816117e-01 1.130267033819127187e+00 2.574007179788202482e-01 2.792590015880838994e+00 -3.449197051038820350e-01 3.711044455070846571e-01 5.888431227393372547e-01 -2.341195064496242928e+00 5.004213495229810071e-01 -8.681672581995918403e-01 -6.645611892370975604e-02 4.838308774980082938e-01 -2.251636835517663027e-01 -4.036077630816508055e-01 2.086314055357435748e+00 2.637779938318152162e-01 -1.016296061191791361e-01 7.002732701171090479e-01 -7.908173442273256359e-01 -1.892520582291268072e+00 -2.185650507342352111e-01 -1.573763084215600072e+00 -6.883482122447561746e-01 3.595747352185579837e-02 7.579456882541134588e-01 -7.545832531672260757e-01 -8.053088516286304177e-01 1.546203025309184964e+00 2.077167857425613606e-01 -1.861236854889580350e+00 9.050033207188266093e-01 5.371919785604946096e-01 1.847487020623557852e+00 -2.775701007247287078e-01
